 ---------------------------------------------------------------
 Surface and Strip Forces by surface

  Sref =  42.000       Cref =  1.8500       Bref =  11.500    
  Xref =  1.6662       Yref =  0.0000       Zref = 0.77530    

  Surface # 1     lower                                   
     # Chordwise = 12   # Spanwise = 64     First strip =  1
     Surface area Ssurf =   10.637500     Ave. chord Cave =    1.850000

 Forces referred to Sref, Cref, Bref about Xref, Yref, Zref
 Standard axis orientation,  X fwd, Z down         
     CLsurf  =   0.18271     Clsurf  =  -0.04207
     CYsurf  =  -0.00000     Cmsurf  =  -0.01206
     CDsurf  =   0.01143     Cnsurf  =  -0.00073
     CDisurf =   0.01143     CDvsurf =   0.00000

 Forces referred to Ssurf, Cave 
     CLsurf  =   0.72140     CDsurf  =   0.04514

 Strip Forces referred to Strip Area, Chord
    j     Xle      Yle      Zle      Chord    Area     c_cl     ai     cl_norm    cl       cd       cdv    cm_c/4     cm_LE   C.P.x/c
     1   0.9500   0.0009   0.0000   1.8500   0.0064   1.4983   0.1160   0.8093   0.8093   0.0419   0.0000  -0.1601  -0.3625    0.448
     2   0.9500   0.0078   0.0000   1.8500   0.0192   1.4983   0.1160   0.8093   0.8093   0.0419   0.0000  -0.1601  -0.3625    0.448
     3   0.9500   0.0216   0.0000   1.8500   0.0320   1.4983   0.1160   0.8093   0.8093   0.0419   0.0000  -0.1601  -0.3625    0.448
     4   0.9500   0.0423   0.0000   1.8500   0.0446   1.4983   0.1160   0.8093   0.8093   0.0419   0.0000  -0.1601  -0.3625    0.448
     5   0.9500   0.0699   0.0000   1.8500   0.0572   1.4983   0.1159   0.8093   0.8093   0.0419   0.0000  -0.1601  -0.3625    0.448
     6   0.9500   0.1041   0.0000   1.8500   0.0696   1.4982   0.1158   0.8093   0.8093   0.0419   0.0000  -0.1601  -0.3625    0.448
     7   0.9500   0.1451   0.0000   1.8500   0.0819   1.4982   0.1157   0.8092   0.8092   0.0419   0.0000  -0.1601  -0.3625    0.448
     8   0.9500   0.1926   0.0000   1.8500   0.0940   1.4981   0.1155   0.8092   0.8092   0.0419   0.0000  -0.1601  -0.3625    0.448
     9   0.9500   0.2466   0.0000   1.8500   0.1058   1.4979   0.1151   0.8091   0.8091   0.0419   0.0000  -0.1601  -0.3625    0.448
    10   0.9500   0.3070   0.0000   1.8500   0.1174   1.4977   0.1146   0.8090   0.8090   0.0419   0.0000  -0.1601  -0.3625    0.448
    11   0.9500   0.3735   0.0000   1.8500   0.1287   1.4974   0.1139   0.8088   0.8088   0.0420   0.0000  -0.1601  -0.3624    0.448
    12   0.9500   0.4460   0.0000   1.8500   0.1397   1.4971   0.1130   0.8086   0.8086   0.0420   0.0000  -0.1601  -0.3624    0.448
    13   0.9500   0.5244   0.0000   1.8500   0.1503   1.4966   0.1119   0.8083   0.8083   0.0420   0.0000  -0.1601  -0.3624    0.448
    14   0.9500   0.6085   0.0000   1.8500   0.1606   1.4960   0.1105   0.8080   0.8080   0.0421   0.0000  -0.1601  -0.3623    0.448
    15   0.9500   0.6980   0.0000   1.8500   0.1705   1.4952   0.1090   0.8076   0.8076   0.0421   0.0000  -0.1601  -0.3622    0.448
    16   0.9500   0.7928   0.0000   1.8500   0.1800   1.4943   0.1073   0.8071   0.8071   0.0422   0.0000  -0.1602  -0.3621    0.448
    17   0.9500   0.8926   0.0000   1.8500   0.1891   1.4933   0.1057   0.8065   0.8065   0.0423   0.0000  -0.1602  -0.3620    0.449
    18   0.9500   0.9971   0.0000   1.8500   0.1977   1.4920   0.1041   0.8058   0.8058   0.0424   0.0000  -0.1602  -0.3618    0.449
    19   0.9500   1.1062   0.0000   1.8500   0.2058   1.4905   0.1027   0.8050   0.8050   0.0425   0.0000  -0.1602  -0.3617    0.449
    20   0.9500   1.2196   0.0000   1.8500   0.2134   1.4888   0.1016   0.8041   0.8041   0.0426   0.0000  -0.1603  -0.3615    0.449
    21   0.9500   1.3369   0.0000   1.8500   0.2206   1.4868   0.1007   0.8030   0.8030   0.0428   0.0000  -0.1603  -0.3612    0.450
    22   0.9500   1.4579   0.0000   1.8500   0.2271   1.4845   0.1001   0.8017   0.8017   0.0429   0.0000  -0.1604  -0.3610    0.450
    23   0.9500   1.5824   0.0000   1.8500   0.2332   1.4819   0.0997   0.8003   0.8003   0.0431   0.0000  -0.1604  -0.3607    0.450
    24   0.9500   1.7099   0.0000   1.8500   0.2387   1.4790   0.0995   0.7987   0.7987   0.0433   0.0000  -0.1605  -0.3603    0.451
    25   0.9500   1.8403   0.0000   1.8500   0.2436   1.4757   0.0995   0.7969   0.7969   0.0436   0.0000  -0.1605  -0.3599    0.451
    26   0.9500   1.9732   0.0000   1.8500   0.2479   1.4721   0.0997   0.7949   0.7949   0.0438   0.0000  -0.1606  -0.3595    0.452
    27   0.9500   2.1082   0.0000   1.8500   0.2516   1.4680   0.1000   0.7927   0.7927   0.0441   0.0000  -0.1606  -0.3590    0.453
    28   0.9500   2.2451   0.0000   1.8500   0.2547   1.4635   0.1005   0.7902   0.7902   0.0444   0.0000  -0.1607  -0.3585    0.453
    29   0.9500   2.3835   0.0000   1.8500   0.2572   1.4586   0.1011   0.7875   0.7875   0.0447   0.0000  -0.1608  -0.3579    0.454
    30   0.9500   2.5231   0.0000   1.8500   0.2591   1.4531   0.1019   0.7845   0.7845   0.0451   0.0000  -0.1608  -0.3572    0.455
    31   0.9500   2.6635   0.0000   1.8500   0.2603   1.4471   0.1029   0.7812   0.7812   0.0454   0.0000  -0.1609  -0.3565    0.456
    32   0.9500   2.8044   0.0000   1.8500   0.2610   1.4404   0.1040   0.7775   0.7775   0.0458   0.0000  -0.1610  -0.3556    0.457
    33   0.9500   2.9456   0.0000   1.8500   0.2610   1.4331   0.1053   0.7736   0.7736   0.0463   0.0000  -0.1610  -0.3547    0.458
    34   0.9500   3.0865   0.0000   1.8500   0.2603   1.4251   0.1068   0.7692   0.7692   0.0467   0.0000  -0.1611  -0.3537    0.459
    35   0.9500   3.2269   0.0000   1.8500   0.2591   1.4163   0.1086   0.7643   0.7643   0.0472   0.0000  -0.1611  -0.3525    0.461
    36   0.9500   3.3665   0.0000   1.8500   0.2572   1.4066   0.1108   0.7590   0.7590   0.0476   0.0000  -0.1611  -0.3512    0.462
    37   0.9500   3.5049   0.0000   1.8500   0.2547   1.3959   0.1133   0.7532   0.7532   0.0481   0.0000  -0.1611  -0.3497    0.464
    38   0.9500   3.6418   0.0000   1.8500   0.2516   1.3842   0.1162   0.7468   0.7468   0.0486   0.0000  -0.1610  -0.3480    0.466
    39   0.9500   3.7768   0.0000   1.8500   0.2479   1.3712   0.1197   0.7397   0.7397   0.0491   0.0000  -0.1608  -0.3461    0.467
    40   0.9500   3.9097   0.0000   1.8500   0.2436   1.3568   0.1237   0.7318   0.7318   0.0496   0.0000  -0.1606  -0.3439    0.469
    41   0.9500   4.0401   0.0000   1.8500   0.2387   1.3408   0.1283   0.7231   0.7231   0.0500   0.0000  -0.1602  -0.3414    0.472
    42   0.9500   4.1676   0.0000   1.8500   0.2332   1.3231   0.1335   0.7135   0.7135   0.0505   0.0000  -0.1598  -0.3386    0.474
    43   0.9500   4.2921   0.0000   1.8500   0.2271   1.3034   0.1391   0.7028   0.7028   0.0508   0.0000  -0.1591  -0.3353    0.476
    44   0.9500   4.4131   0.0000   1.8500   0.2206   1.2814   0.1451   0.6908   0.6908   0.0511   0.0000  -0.1583  -0.3315    0.479
    45   0.9500   4.5304   0.0000   1.8500   0.2134   1.2569   0.1512   0.6775   0.6775   0.0514   0.0000  -0.1572  -0.3271    0.482
    46   0.9500   4.6438   0.0000   1.8500   0.2058   1.2296   0.1573   0.6627   0.6627   0.0515   0.0000  -0.1558  -0.3220    0.485
    47   0.9500   4.7529   0.0000   1.8500   0.1977   1.1993   0.1632   0.6462   0.6462   0.0514   0.0000  -0.1541  -0.3161    0.488
    48   0.9500   4.8574   0.0000   1.8500   0.1891   1.1655   0.1690   0.6279   0.6279   0.0512   0.0000  -0.1519  -0.3094    0.492
    49   0.9500   4.9572   0.0000   1.8500   0.1800   1.1280   0.1747   0.6076   0.6076   0.0508   0.0000  -0.1492  -0.3016    0.496
    50   0.9500   5.0520   0.0000   1.8500   0.1705   1.0866   0.1805   0.5852   0.5852   0.0501   0.0000  -0.1459  -0.2928    0.499
    51   0.9500   5.1415   0.0000   1.8500   0.1606   1.0409   0.1864   0.5605   0.5605   0.0492   0.0000  -0.1420  -0.2827    0.503
    52   0.9500   5.2256   0.0000   1.8500   0.1503   0.9909   0.1924   0.5334   0.5334   0.0479   0.0000  -0.1373  -0.2712    0.507
    53   0.9500   5.3040   0.0000   1.8500   0.1397   0.9361   0.1988   0.5039   0.5039   0.0463   0.0000  -0.1318  -0.2583    0.512
    54   0.9500   5.3765   0.0000   1.8500   0.1287   0.8767   0.2053   0.4718   0.4718   0.0443   0.0000  -0.1255  -0.2439    0.516
    55   0.9500   5.4430   0.0000   1.8500   0.1174   0.8125   0.2120   0.4372   0.4372   0.0419   0.0000  -0.1181  -0.2279    0.520
    56   0.9500   5.5034   0.0000   1.8500   0.1058   0.7434   0.2189   0.4000   0.4000   0.0391   0.0000  -0.1098  -0.2103    0.524
    57   0.9500   5.5574   0.0000   1.8500   0.0940   0.6697   0.2259   0.3603   0.3603   0.0359   0.0000  -0.1004  -0.1909    0.529
    58   0.9500   5.6049   0.0000   1.8500   0.0819   0.5915   0.2329   0.3181   0.3181   0.0322   0.0000  -0.0899  -0.1699    0.533
    59   0.9500   5.6459   0.0000   1.8500   0.0696   0.5090   0.2398   0.2737   0.2737   0.0281   0.0000  -0.0784  -0.1472    0.536
    60   0.9500   5.6801   0.0000   1.8500   0.0572   0.4226   0.2465   0.2272   0.2272   0.0237   0.0000  -0.0659  -0.1230    0.540
    61   0.9500   5.7077   0.0000   1.8500   0.0446   0.3327   0.2528   0.1789   0.1789   0.0189   0.0000  -0.0524  -0.0974    0.543
    62   0.9500   5.7284   0.0000   1.8500   0.0320   0.2399   0.2584   0.1290   0.1290   0.0137   0.0000  -0.0381  -0.0705    0.546
    63   0.9500   5.7422   0.0000   1.8500   0.0192   0.1449   0.2624   0.0779   0.0779   0.0084   0.0000  -0.0232  -0.0427    0.547
    64   0.9500   5.7491   0.0000   1.8500   0.0064   0.0485   0.2644   0.0260   0.0260   0.0028   0.0000  -0.0078  -0.0143    0.548

  Surface # 2     lower (YDUP)                            
     # Chordwise = 12   # Spanwise = 64     First strip = 65
     Surface area Ssurf =   10.637500     Ave. chord Cave =    1.850000

 Forces referred to Sref, Cref, Bref about Xref, Yref, Zref
 Standard axis orientation,  X fwd, Z down         
     CLsurf  =   0.18271     Clsurf  =   0.04207
     CYsurf  =   0.00000     Cmsurf  =  -0.01206
     CDsurf  =   0.01143     Cnsurf  =   0.00073
     CDisurf =   0.01143     CDvsurf =   0.00000

 Forces referred to Ssurf, Cave 
     CLsurf  =   0.72140     CDsurf  =   0.04514

 Strip Forces referred to Strip Area, Chord
    j     Xle      Yle      Zle      Chord    Area     c_cl     ai     cl_norm    cl       cd       cdv    cm_c/4     cm_LE   C.P.x/c
    65   0.9500  -0.0009   0.0000   1.8500   0.0064   1.4983   0.1160   0.8093   0.8093   0.0419   0.0000  -0.1601   0.3625    0.448
    66   0.9500  -0.0078   0.0000   1.8500   0.0192   1.4983   0.1160   0.8093   0.8093   0.0419   0.0000  -0.1601   0.3625    0.448
    67   0.9500  -0.0216   0.0000   1.8500   0.0320   1.4983   0.1160   0.8093   0.8093   0.0419   0.0000  -0.1601   0.3625    0.448
    68   0.9500  -0.0423   0.0000   1.8500   0.0446   1.4983   0.1160   0.8093   0.8093   0.0419   0.0000  -0.1601   0.3625    0.448
    69   0.9500  -0.0699   0.0000   1.8500   0.0572   1.4983   0.1159   0.8093   0.8093   0.0419   0.0000  -0.1601   0.3625    0.448
    70   0.9500  -0.1041   0.0000   1.8500   0.0696   1.4982   0.1158   0.8093   0.8093   0.0419   0.0000  -0.1601   0.3625    0.448
    71   0.9500  -0.1451   0.0000   1.8500   0.0819   1.4982   0.1157   0.8092   0.8092   0.0419   0.0000  -0.1601   0.3625    0.448
    72   0.9500  -0.1926   0.0000   1.8500   0.0940   1.4981   0.1155   0.8092   0.8092   0.0419   0.0000  -0.1601   0.3625    0.448
    73   0.9500  -0.2466   0.0000   1.8500   0.1058   1.4979   0.1151   0.8091   0.8091   0.0419   0.0000  -0.1601   0.3625    0.448
    74   0.9500  -0.3070   0.0000   1.8500   0.1174   1.4977   0.1146   0.8090   0.8090   0.0419   0.0000  -0.1601   0.3625    0.448
    75   0.9500  -0.3735   0.0000   1.8500   0.1287   1.4974   0.1139   0.8088   0.8088   0.0420   0.0000  -0.1601   0.3624    0.448
    76   0.9500  -0.4460   0.0000   1.8500   0.1397   1.4971   0.1130   0.8086   0.8086   0.0420   0.0000  -0.1601   0.3624    0.448
    77   0.9500  -0.5244   0.0000   1.8500   0.1503   1.4966   0.1119   0.8083   0.8083   0.0420   0.0000  -0.1601   0.3624    0.448
    78   0.9500  -0.6085   0.0000   1.8500   0.1606   1.4960   0.1105   0.8080   0.8080   0.0421   0.0000  -0.1601   0.3623    0.448
    79   0.9500  -0.6980   0.0000   1.8500   0.1705   1.4952   0.1090   0.8076   0.8076   0.0421   0.0000  -0.1601   0.3622    0.448
    80   0.9500  -0.7928   0.0000   1.8500   0.1800   1.4943   0.1073   0.8071   0.8071   0.0422   0.0000  -0.1602   0.3621    0.448
    81   0.9500  -0.8926   0.0000   1.8500   0.1891   1.4933   0.1057   0.8065   0.8065   0.0423   0.0000  -0.1602   0.3620    0.449
    82   0.9500  -0.9971   0.0000   1.8500   0.1977   1.4920   0.1041   0.8058   0.8058   0.0424   0.0000  -0.1602   0.3618    0.449
    83   0.9500  -1.1062   0.0000   1.8500   0.2058   1.4905   0.1027   0.8050   0.8050   0.0425   0.0000  -0.1602   0.3617    0.449
    84   0.9500  -1.2196   0.0000   1.8500   0.2134   1.4888   0.1016   0.8041   0.8041   0.0426   0.0000  -0.1603   0.3615    0.449
    85   0.9500  -1.3369   0.0000   1.8500   0.2206   1.4868   0.1007   0.8030   0.8030   0.0428   0.0000  -0.1603   0.3612    0.450
    86   0.9500  -1.4579   0.0000   1.8500   0.2271   1.4845   0.1001   0.8017   0.8017   0.0429   0.0000  -0.1604   0.3610    0.450
    87   0.9500  -1.5824   0.0000   1.8500   0.2332   1.4819   0.0997   0.8003   0.8003   0.0431   0.0000  -0.1604   0.3607    0.450
    88   0.9500  -1.7099   0.0000   1.8500   0.2387   1.4790   0.0995   0.7987   0.7987   0.0433   0.0000  -0.1605   0.3603    0.451
    89   0.9500  -1.8403   0.0000   1.8500   0.2436   1.4757   0.0995   0.7969   0.7969   0.0436   0.0000  -0.1605   0.3599    0.451
    90   0.9500  -1.9732   0.0000   1.8500   0.2479   1.4721   0.0997   0.7949   0.7949   0.0438   0.0000  -0.1606   0.3595    0.452
    91   0.9500  -2.1082   0.0000   1.8500   0.2516   1.4680   0.1000   0.7927   0.7927   0.0441   0.0000  -0.1606   0.3590    0.453
    92   0.9500  -2.2451   0.0000   1.8500   0.2547   1.4635   0.1005   0.7902   0.7902   0.0444   0.0000  -0.1607   0.3585    0.453
    93   0.9500  -2.3835   0.0000   1.8500   0.2572   1.4586   0.1011   0.7875   0.7875   0.0447   0.0000  -0.1608   0.3579    0.454
    94   0.9500  -2.5231   0.0000   1.8500   0.2591   1.4531   0.1019   0.7845   0.7845   0.0451   0.0000  -0.1608   0.3572    0.455
    95   0.9500  -2.6635   0.0000   1.8500   0.2603   1.4471   0.1029   0.7812   0.7812   0.0454   0.0000  -0.1609   0.3565    0.456
    96   0.9500  -2.8044   0.0000   1.8500   0.2610   1.4404   0.1040   0.7775   0.7775   0.0458   0.0000  -0.1610   0.3556    0.457
    97   0.9500  -2.9456   0.0000   1.8500   0.2610   1.4331   0.1053   0.7736   0.7736   0.0463   0.0000  -0.1610   0.3547    0.458
    98   0.9500  -3.0865   0.0000   1.8500   0.2603   1.4251   0.1068   0.7692   0.7692   0.0467   0.0000  -0.1611   0.3537    0.459
    99   0.9500  -3.2269   0.0000   1.8500   0.2591   1.4163   0.1086   0.7643   0.7643   0.0472   0.0000  -0.1611   0.3525    0.461
   100   0.9500  -3.3665   0.0000   1.8500   0.2572   1.4066   0.1108   0.7590   0.7590   0.0476   0.0000  -0.1611   0.3512    0.462
   101   0.9500  -3.5049   0.0000   1.8500   0.2547   1.3959   0.1133   0.7532   0.7532   0.0481   0.0000  -0.1611   0.3497    0.464
   102   0.9500  -3.6418   0.0000   1.8500   0.2516   1.3842   0.1162   0.7468   0.7468   0.0486   0.0000  -0.1610   0.3480    0.466
   103   0.9500  -3.7768   0.0000   1.8500   0.2479   1.3712   0.1197   0.7397   0.7397   0.0491   0.0000  -0.1608   0.3461    0.467
   104   0.9500  -3.9097   0.0000   1.8500   0.2436   1.3568   0.1237   0.7318   0.7318   0.0496   0.0000  -0.1606   0.3439    0.469
   105   0.9500  -4.0401   0.0000   1.8500   0.2387   1.3408   0.1283   0.7231   0.7231   0.0500   0.0000  -0.1602   0.3414    0.472
   106   0.9500  -4.1676   0.0000   1.8500   0.2332   1.3231   0.1335   0.7135   0.7135   0.0505   0.0000  -0.1598   0.3386    0.474
   107   0.9500  -4.2921   0.0000   1.8500   0.2271   1.3034   0.1391   0.7028   0.7028   0.0508   0.0000  -0.1591   0.3353    0.476
   108   0.9500  -4.4131   0.0000   1.8500   0.2206   1.2814   0.1451   0.6908   0.6908   0.0511   0.0000  -0.1583   0.3315    0.479
   109   0.9500  -4.5304   0.0000   1.8500   0.2134   1.2569   0.1512   0.6775   0.6775   0.0514   0.0000  -0.1572   0.3271    0.482
   110   0.9500  -4.6438   0.0000   1.8500   0.2058   1.2296   0.1573   0.6627   0.6627   0.0515   0.0000  -0.1558   0.3220    0.485
   111   0.9500  -4.7529   0.0000   1.8500   0.1977   1.1993   0.1632   0.6462   0.6462   0.0514   0.0000  -0.1541   0.3161    0.488
   112   0.9500  -4.8574   0.0000   1.8500   0.1891   1.1655   0.1690   0.6279   0.6279   0.0512   0.0000  -0.1519   0.3094    0.492
   113   0.9500  -4.9572   0.0000   1.8500   0.1800   1.1280   0.1747   0.6076   0.6076   0.0508   0.0000  -0.1492   0.3016    0.496
   114   0.9500  -5.0520   0.0000   1.8500   0.1705   1.0866   0.1805   0.5852   0.5852   0.0501   0.0000  -0.1459   0.2928    0.499
   115   0.9500  -5.1415   0.0000   1.8500   0.1606   1.0409   0.1864   0.5605   0.5605   0.0492   0.0000  -0.1420   0.2827    0.503
   116   0.9500  -5.2256   0.0000   1.8500   0.1503   0.9909   0.1924   0.5334   0.5334   0.0479   0.0000  -0.1373   0.2712    0.507
   117   0.9500  -5.3040   0.0000   1.8500   0.1397   0.9361   0.1988   0.5039   0.5039   0.0463   0.0000  -0.1318   0.2583    0.512
   118   0.9500  -5.3765   0.0000   1.8500   0.1287   0.8767   0.2053   0.4718   0.4718   0.0443   0.0000  -0.1255   0.2439    0.516
   119   0.9500  -5.4430   0.0000   1.8500   0.1174   0.8125   0.2120   0.4372   0.4372   0.0419   0.0000  -0.1181   0.2279    0.520
   120   0.9500  -5.5034   0.0000   1.8500   0.1058   0.7434   0.2189   0.4000   0.4000   0.0391   0.0000  -0.1098   0.2103    0.524
   121   0.9500  -5.5574   0.0000   1.8500   0.0940   0.6697   0.2259   0.3603   0.3603   0.0359   0.0000  -0.1004   0.1909    0.529
   122   0.9500  -5.6049   0.0000   1.8500   0.0819   0.5915   0.2329   0.3181   0.3181   0.0322   0.0000  -0.0899   0.1699    0.533
   123   0.9500  -5.6459   0.0000   1.8500   0.0696   0.5090   0.2398   0.2737   0.2737   0.0281   0.0000  -0.0784   0.1472    0.536
   124   0.9500  -5.6801   0.0000   1.8500   0.0572   0.4226   0.2465   0.2272   0.2272   0.0237   0.0000  -0.0659   0.1230    0.540
   125   0.9500  -5.7077   0.0000   1.8500   0.0446   0.3327   0.2528   0.1789   0.1789   0.0189   0.0000  -0.0524   0.0974    0.543
   126   0.9500  -5.7284   0.0000   1.8500   0.0320   0.2399   0.2584   0.1290   0.1290   0.0137   0.0000  -0.0381   0.0705    0.546
   127   0.9500  -5.7422   0.0000   1.8500   0.0192   0.1449   0.2624   0.0779   0.0779   0.0084   0.0000  -0.0232   0.0427    0.547
   128   0.9500  -5.7491   0.0000   1.8500   0.0064   0.0485   0.2644   0.0260   0.0260   0.0028   0.0000  -0.0078   0.0143    0.548

  Surface # 3     upper_center                            
     # Chordwise = 12   # Spanwise = 47     First strip =129
     Surface area Ssurf =    7.862500     Ave. chord Cave =    1.850000

 Forces referred to Sref, Cref, Bref about Xref, Yref, Zref
 Standard axis orientation,  X fwd, Z down         
     CLsurf  =   0.17814     Clsurf  =  -0.03207
     CYsurf  =   0.00000     Cmsurf  =  -0.01577
     CDsurf  =   0.01111     Cnsurf  =  -0.00068
     CDisurf =   0.01111     CDvsurf =   0.00000

 Forces referred to Ssurf, Cave 
     CLsurf  =   0.95161     CDsurf  =   0.05937

 Strip Forces referred to Strip Area, Chord
    j     Xle      Yle      Zle      Chord    Area     c_cl     ai     cl_norm    cl       cd       cdv    cm_c/4     cm_LE   C.P.x/c
   129   0.9500   0.0012   1.8500   1.8500   0.0088   1.8531   0.1133   1.0005   1.0005   0.0575   0.0000  -0.2051  -0.4555    0.455
   130   0.9500   0.0107   1.8500   1.8500   0.0263   1.8531   0.1133   1.0005   1.0005   0.0575   0.0000  -0.2051  -0.4555    0.455
   131   0.9500   0.0296   1.8500   1.8500   0.0437   1.8531   0.1132   1.0005   1.0005   0.0575   0.0000  -0.2051  -0.4555    0.455
   132   0.9500   0.0579   1.8500   1.8500   0.0609   1.8531   0.1132   1.0004   1.0004   0.0575   0.0000  -0.2051  -0.4555    0.455
   133   0.9500   0.0954   1.8500   1.8500   0.0778   1.8530   0.1132   1.0004   1.0004   0.0575   0.0000  -0.2051  -0.4555    0.455
   134   0.9500   0.1420   1.8500   1.8500   0.0944   1.8529   0.1131   1.0003   1.0003   0.0575   0.0000  -0.2051  -0.4555    0.455
   135   0.9500   0.1974   1.8500   1.8500   0.1106   1.8527   0.1129   1.0002   1.0002   0.0575   0.0000  -0.2051  -0.4554    0.455
   136   0.9500   0.2615   1.8500   1.8500   0.1263   1.8523   0.1127   1.0000   1.0000   0.0575   0.0000  -0.2051  -0.4554    0.455
   137   0.9500   0.3339   1.8500   1.8500   0.1414   1.8518   0.1123   0.9997   0.9997   0.0575   0.0000  -0.2051  -0.4553    0.455
   138   0.9500   0.4142   1.8500   1.8500   0.1558   1.8511   0.1118   0.9993   0.9993   0.0576   0.0000  -0.2050  -0.4552    0.455
   139   0.9500   0.5022   1.8500   1.8500   0.1696   1.8501   0.1112   0.9988   0.9988   0.0576   0.0000  -0.2050  -0.4550    0.455
   140   0.9500   0.5975   1.8500   1.8500   0.1826   1.8488   0.1104   0.9981   0.9981   0.0576   0.0000  -0.2050  -0.4548    0.455
   141   0.9500   0.6996   1.8500   1.8500   0.1949   1.8472   0.1095   0.9972   0.9972   0.0577   0.0000  -0.2049  -0.4545    0.455
   142   0.9500   0.8080   1.8500   1.8500   0.2062   1.8452   0.1085   0.9961   0.9961   0.0577   0.0000  -0.2048  -0.4542    0.456
   143   0.9500   0.9224   1.8500   1.8500   0.2166   1.8428   0.1075   0.9948   0.9948   0.0578   0.0000  -0.2048  -0.4538    0.456
   144   0.9500   1.0421   1.8500   1.8500   0.2260   1.8399   0.1066   0.9932   0.9932   0.0579   0.0000  -0.2047  -0.4533    0.456
   145   0.9500   1.1666   1.8500   1.8500   0.2345   1.8364   0.1057   0.9914   0.9914   0.0580   0.0000  -0.2045  -0.4527    0.456
   146   0.9500   1.2954   1.8500   1.8500   0.2419   1.8324   0.1050   0.9892   0.9892   0.0581   0.0000  -0.2044  -0.4520    0.457
   147   0.9500   1.4279   1.8500   1.8500   0.2482   1.8278   0.1045   0.9867   0.9867   0.0582   0.0000  -0.2043  -0.4513    0.457
   148   0.9500   1.5636   1.8500   1.8500   0.2534   1.8226   0.1042   0.9838   0.9838   0.0583   0.0000  -0.2041  -0.4504    0.457
   149   0.9500   1.7017   1.8500   1.8500   0.2575   1.8167   0.1040   0.9806   0.9806   0.0585   0.0000  -0.2039  -0.4494    0.458
   150   0.9500   1.8418   1.8500   1.8500   0.2604   1.8101   0.1041   0.9770   0.9770   0.0587   0.0000  -0.2036  -0.4483    0.458
   151   0.9500   1.9831   1.8500   1.8500   0.2621   1.8028   0.1044   0.9730   0.9730   0.0588   0.0000  -0.2034  -0.4470    0.459
   152   0.9500   2.1250   1.8500   1.8500   0.2627   1.7948   0.1048   0.9687   0.9687   0.0590   0.0000  -0.2031  -0.4456    0.460
   153   0.9500   2.2669   1.8500   1.8500   0.2621   1.7860   0.1055   0.9639   0.9639   0.0592   0.0000  -0.2028  -0.4441    0.460
   154   0.9500   2.4082   1.8500   1.8500   0.2604   1.7764   0.1063   0.9587   0.9587   0.0595   0.0000  -0.2024  -0.4425    0.461
   155   0.9500   2.5483   1.8500   1.8500   0.2575   1.7661   0.1072   0.9531   0.9531   0.0597   0.0000  -0.2020  -0.4407    0.462
   156   0.9500   2.6864   1.8500   1.8500   0.2534   1.7551   0.1084   0.9471   0.9471   0.0599   0.0000  -0.2016  -0.4388    0.463
   157   0.9500   2.8221   1.8500   1.8500   0.2482   1.7433   0.1097   0.9407   0.9407   0.0601   0.0000  -0.2012  -0.4367    0.464
   158   0.9500   2.9546   1.8500   1.8500   0.2419   1.7309   0.1111   0.9339   0.9339   0.0604   0.0000  -0.2007  -0.4346    0.465
   159   0.9500   3.0834   1.8500   1.8500   0.2345   1.7178   0.1128   0.9268   0.9268   0.0606   0.0000  -0.2001  -0.4323    0.466
   160   0.9500   3.2079   1.8500   1.8500   0.2260   1.7042   0.1146   0.9194   0.9194   0.0608   0.0000  -0.1995  -0.4298    0.467
   161   0.9500   3.3276   1.8500   1.8500   0.2166   1.6900   0.1165   0.9117   0.9117   0.0610   0.0000  -0.1989  -0.4273    0.468
   162   0.9500   3.4420   1.8500   1.8500   0.2062   1.6755   0.1186   0.9037   0.9037   0.0612   0.0000  -0.1983  -0.4247    0.469
   163   0.9500   3.5504   1.8500   1.8500   0.1949   1.6606   0.1209   0.8957   0.8957   0.0614   0.0000  -0.1976  -0.4220    0.471
   164   0.9500   3.6525   1.8500   1.8500   0.1826   1.6456   0.1232   0.8875   0.8875   0.0615   0.0000  -0.1969  -0.4193    0.472
   165   0.9500   3.7478   1.8500   1.8500   0.1696   1.6306   0.1255   0.8794   0.8794   0.0617   0.0000  -0.1961  -0.4165    0.473
   166   0.9500   3.8358   1.8500   1.8500   0.1558   1.6158   0.1279   0.8713   0.8713   0.0618   0.0000  -0.1954  -0.4138    0.474
   167   0.9500   3.9161   1.8500   1.8500   0.1414   1.6015   0.1303   0.8635   0.8635   0.0619   0.0000  -0.1947  -0.4111    0.475
   168   0.9500   3.9885   1.8500   1.8500   0.1263   1.5877   0.1325   0.8561   0.8561   0.0620   0.0000  -0.1939  -0.4085    0.477
   169   0.9500   4.0526   1.8500   1.8500   0.1106   1.5750   0.1346   0.8491   0.8491   0.0620   0.0000  -0.1932  -0.4061    0.478
   170   0.9500   4.1080   1.8500   1.8500   0.0944   1.5633   0.1365   0.8428   0.8428   0.0621   0.0000  -0.1926  -0.4039    0.479
   171   0.9500   4.1546   1.8500   1.8500   0.0778   1.5532   0.1382   0.8373   0.8373   0.0621   0.0000  -0.1920  -0.4019    0.479
   172   0.9500   4.1921   1.8500   1.8500   0.0609   1.5447   0.1396   0.8327   0.8327   0.0621   0.0000  -0.1915  -0.4003    0.480
   173   0.9500   4.2204   1.8500   1.8500   0.0437   1.5381   0.1407   0.8291   0.8291   0.0621   0.0000  -0.1911  -0.3990    0.481
   174   0.9500   4.2393   1.8500   1.8500   0.0263   1.5336   0.1414   0.8267   0.8267   0.0621   0.0000  -0.1909  -0.3981    0.481
   175   0.9500   4.2488   1.8500   1.8500   0.0088   1.5312   0.1418   0.8254   0.8254   0.0621   0.0000  -0.1907  -0.3977    0.481

  Surface # 4     upper_center (YDUP)                     
     # Chordwise = 12   # Spanwise = 47     First strip =176
     Surface area Ssurf =    7.862500     Ave. chord Cave =    1.850000

 Forces referred to Sref, Cref, Bref about Xref, Yref, Zref
 Standard axis orientation,  X fwd, Z down         
     CLsurf  =   0.17814     Clsurf  =   0.03207
     CYsurf  =  -0.00000     Cmsurf  =  -0.01577
     CDsurf  =   0.01111     Cnsurf  =   0.00068
     CDisurf =   0.01111     CDvsurf =   0.00000

 Forces referred to Ssurf, Cave 
     CLsurf  =   0.95161     CDsurf  =   0.05937

 Strip Forces referred to Strip Area, Chord
    j     Xle      Yle      Zle      Chord    Area     c_cl     ai     cl_norm    cl       cd       cdv    cm_c/4     cm_LE   C.P.x/c
   176   0.9500  -0.0012   1.8500   1.8500   0.0088   1.8531   0.1133   1.0005   1.0005   0.0575   0.0000  -0.2051   0.4555    0.455
   177   0.9500  -0.0107   1.8500   1.8500   0.0263   1.8531   0.1133   1.0005   1.0005   0.0575   0.0000  -0.2051   0.4555    0.455
   178   0.9500  -0.0296   1.8500   1.8500   0.0437   1.8531   0.1132   1.0005   1.0005   0.0575   0.0000  -0.2051   0.4555    0.455
   179   0.9500  -0.0579   1.8500   1.8500   0.0609   1.8531   0.1132   1.0004   1.0004   0.0575   0.0000  -0.2051   0.4555    0.455
   180   0.9500  -0.0954   1.8500   1.8500   0.0778   1.8530   0.1132   1.0004   1.0004   0.0575   0.0000  -0.2051   0.4555    0.455
   181   0.9500  -0.1420   1.8500   1.8500   0.0944   1.8529   0.1131   1.0003   1.0003   0.0575   0.0000  -0.2051   0.4555    0.455
   182   0.9500  -0.1974   1.8500   1.8500   0.1106   1.8527   0.1129   1.0002   1.0002   0.0575   0.0000  -0.2051   0.4554    0.455
   183   0.9500  -0.2615   1.8500   1.8500   0.1263   1.8523   0.1127   1.0000   1.0000   0.0575   0.0000  -0.2051   0.4554    0.455
   184   0.9500  -0.3339   1.8500   1.8500   0.1414   1.8518   0.1123   0.9997   0.9997   0.0575   0.0000  -0.2051   0.4553    0.455
   185   0.9500  -0.4142   1.8500   1.8500   0.1558   1.8511   0.1118   0.9993   0.9993   0.0576   0.0000  -0.2050   0.4552    0.455
   186   0.9500  -0.5022   1.8500   1.8500   0.1696   1.8501   0.1112   0.9988   0.9988   0.0576   0.0000  -0.2050   0.4550    0.455
   187   0.9500  -0.5975   1.8500   1.8500   0.1826   1.8488   0.1104   0.9981   0.9981   0.0576   0.0000  -0.2050   0.4548    0.455
   188   0.9500  -0.6996   1.8500   1.8500   0.1949   1.8472   0.1095   0.9972   0.9972   0.0577   0.0000  -0.2049   0.4545    0.455
   189   0.9500  -0.8080   1.8500   1.8500   0.2062   1.8452   0.1085   0.9961   0.9961   0.0577   0.0000  -0.2048   0.4542    0.456
   190   0.9500  -0.9224   1.8500   1.8500   0.2166   1.8428   0.1075   0.9948   0.9948   0.0578   0.0000  -0.2048   0.4538    0.456
   191   0.9500  -1.0421   1.8500   1.8500   0.2260   1.8399   0.1066   0.9932   0.9932   0.0579   0.0000  -0.2047   0.4533    0.456
   192   0.9500  -1.1666   1.8500   1.8500   0.2345   1.8364   0.1057   0.9914   0.9914   0.0580   0.0000  -0.2045   0.4527    0.456
   193   0.9500  -1.2954   1.8500   1.8500   0.2419   1.8324   0.1050   0.9892   0.9892   0.0581   0.0000  -0.2044   0.4520    0.457
   194   0.9500  -1.4279   1.8500   1.8500   0.2482   1.8278   0.1045   0.9867   0.9867   0.0582   0.0000  -0.2043   0.4513    0.457
   195   0.9500  -1.5636   1.8500   1.8500   0.2534   1.8226   0.1042   0.9838   0.9838   0.0583   0.0000  -0.2041   0.4504    0.457
   196   0.9500  -1.7017   1.8500   1.8500   0.2575   1.8167   0.1040   0.9806   0.9806   0.0585   0.0000  -0.2039   0.4494    0.458
   197   0.9500  -1.8418   1.8500   1.8500   0.2604   1.8101   0.1041   0.9770   0.9770   0.0587   0.0000  -0.2036   0.4483    0.458
   198   0.9500  -1.9831   1.8500   1.8500   0.2621   1.8028   0.1044   0.9730   0.9730   0.0588   0.0000  -0.2034   0.4470    0.459
   199   0.9500  -2.1250   1.8500   1.8500   0.2627   1.7948   0.1048   0.9687   0.9687   0.0590   0.0000  -0.2031   0.4456    0.460
   200   0.9500  -2.2669   1.8500   1.8500   0.2621   1.7860   0.1055   0.9639   0.9639   0.0592   0.0000  -0.2028   0.4441    0.460
   201   0.9500  -2.4082   1.8500   1.8500   0.2604   1.7764   0.1063   0.9587   0.9587   0.0595   0.0000  -0.2024   0.4425    0.461
   202   0.9500  -2.5483   1.8500   1.8500   0.2575   1.7661   0.1072   0.9531   0.9531   0.0597   0.0000  -0.2020   0.4407    0.462
   203   0.9500  -2.6864   1.8500   1.8500   0.2534   1.7551   0.1084   0.9471   0.9471   0.0599   0.0000  -0.2016   0.4388    0.463
   204   0.9500  -2.8221   1.8500   1.8500   0.2482   1.7433   0.1097   0.9407   0.9407   0.0601   0.0000  -0.2012   0.4367    0.464
   205   0.9500  -2.9546   1.8500   1.8500   0.2419   1.7309   0.1111   0.9339   0.9339   0.0604   0.0000  -0.2007   0.4346    0.465
   206   0.9500  -3.0834   1.8500   1.8500   0.2345   1.7178   0.1128   0.9268   0.9268   0.0606   0.0000  -0.2001   0.4323    0.466
   207   0.9500  -3.2079   1.8500   1.8500   0.2260   1.7042   0.1146   0.9194   0.9194   0.0608   0.0000  -0.1995   0.4298    0.467
   208   0.9500  -3.3276   1.8500   1.8500   0.2166   1.6900   0.1165   0.9117   0.9117   0.0610   0.0000  -0.1989   0.4273    0.468
   209   0.9500  -3.4420   1.8500   1.8500   0.2062   1.6755   0.1186   0.9037   0.9037   0.0612   0.0000  -0.1983   0.4247    0.469
   210   0.9500  -3.5504   1.8500   1.8500   0.1949   1.6606   0.1209   0.8957   0.8957   0.0614   0.0000  -0.1976   0.4220    0.471
   211   0.9500  -3.6525   1.8500   1.8500   0.1826   1.6456   0.1232   0.8875   0.8875   0.0615   0.0000  -0.1969   0.4193    0.472
   212   0.9500  -3.7478   1.8500   1.8500   0.1696   1.6306   0.1255   0.8794   0.8794   0.0617   0.0000  -0.1961   0.4165    0.473
   213   0.9500  -3.8358   1.8500   1.8500   0.1558   1.6158   0.1279   0.8713   0.8713   0.0618   0.0000  -0.1954   0.4138    0.474
   214   0.9500  -3.9161   1.8500   1.8500   0.1414   1.6015   0.1303   0.8635   0.8635   0.0619   0.0000  -0.1947   0.4111    0.475
   215   0.9500  -3.9885   1.8500   1.8500   0.1263   1.5877   0.1325   0.8561   0.8561   0.0620   0.0000  -0.1939   0.4085    0.477
   216   0.9500  -4.0526   1.8500   1.8500   0.1106   1.5750   0.1346   0.8491   0.8491   0.0620   0.0000  -0.1932   0.4061    0.478
   217   0.9500  -4.1080   1.8500   1.8500   0.0944   1.5633   0.1365   0.8428   0.8428   0.0621   0.0000  -0.1926   0.4039    0.479
   218   0.9500  -4.1546   1.8500   1.8500   0.0778   1.5532   0.1382   0.8373   0.8373   0.0621   0.0000  -0.1920   0.4019    0.479
   219   0.9500  -4.1921   1.8500   1.8500   0.0609   1.5447   0.1396   0.8327   0.8327   0.0621   0.0000  -0.1915   0.4003    0.480
   220   0.9500  -4.2204   1.8500   1.8500   0.0437   1.5381   0.1407   0.8291   0.8291   0.0621   0.0000  -0.1911   0.3990    0.481
   221   0.9500  -4.2393   1.8500   1.8500   0.0263   1.5336   0.1414   0.8267   0.8267   0.0621   0.0000  -0.1909   0.3981    0.481
   222   0.9500  -4.2488   1.8500   1.8500   0.0088   1.5312   0.1418   0.8254   0.8254   0.0621   0.0000  -0.1907   0.3977    0.481

  Surface # 5     upper_tip_pair                          
     # Chordwise = 12   # Spanwise = 17     First strip =223
     Surface area Ssurf =    2.775000     Ave. chord Cave =    1.850000

 Forces referred to Sref, Cref, Bref about Xref, Yref, Zref
 Standard axis orientation,  X fwd, Z down         
     CLsurf  =   0.04134     Clsurf  =  -0.01763
     CYsurf  =   0.00000     Cmsurf  =  -0.00469
     CDsurf  =   0.00355     Cnsurf  =  -0.00000
     CDisurf =   0.00355     CDvsurf =   0.00000

 Forces referred to Ssurf, Cave 
     CLsurf  =   0.62564     CDsurf  =   0.05372

 Strip Forces referred to Strip Area, Chord
    j     Xle      Yle      Zle      Chord    Area     c_cl     ai     cl_norm    cl       cd       cdv    cm_c/4     cm_LE   C.P.x/c
   223   0.9500   4.2532   1.8500   1.8500   0.0236   1.5306   0.1419   0.8251   0.8251   0.0621   0.0000  -0.1907  -0.3975    0.481
   224   0.9500   4.2786   1.8500   1.8500   0.0701   1.5244   0.1429   0.8217   0.8217   0.0621   0.0000  -0.1903  -0.3963    0.482
   225   0.9500   4.3286   1.8500   1.8500   0.1141   1.5117   0.1449   0.8148   0.8148   0.0621   0.0000  -0.1896  -0.3939    0.483
   226   0.9500   4.4015   1.8500   1.8500   0.1543   1.4922   0.1480   0.8043   0.8043   0.0620   0.0000  -0.1884  -0.3900    0.484
   227   0.9500   4.4947   1.8500   1.8500   0.1892   1.4653   0.1521   0.7896   0.7896   0.0619   0.0000  -0.1866  -0.3846    0.486
   228   0.9500   4.6052   1.8500   1.8500   0.2177   1.4299   0.1571   0.7705   0.7705   0.0616   0.0000  -0.1842  -0.3774    0.489
   229   0.9500   4.7291   1.8500   1.8500   0.2388   1.3850   0.1632   0.7461   0.7461   0.0611   0.0000  -0.1809  -0.3681    0.493
   230   0.9500   4.8622   1.8500   1.8500   0.2517   1.3291   0.1703   0.7159   0.7159   0.0603   0.0000  -0.1766  -0.3562    0.497
   231   0.9500   5.0000   1.8500   1.8500   0.2560   1.2605   0.1784   0.6788   0.6788   0.0590   0.0000  -0.1708  -0.3411    0.502
   232   0.9500   5.1378   1.8500   1.8500   0.2517   1.1774   0.1876   0.6339   0.6339   0.0569   0.0000  -0.1631  -0.3222    0.507
   233   0.9500   5.2709   1.8500   1.8500   0.2388   1.0778   0.1980   0.5801   0.5801   0.0539   0.0000  -0.1531  -0.2987    0.514
   234   0.9500   5.3948   1.8500   1.8500   0.2177   0.9603   0.2096   0.5167   0.5167   0.0497   0.0000  -0.1400  -0.2698    0.521
   235   0.9500   5.5053   1.8500   1.8500   0.1892   0.8236   0.2223   0.4430   0.4430   0.0441   0.0000  -0.1233  -0.2346    0.528
   236   0.9500   5.5985   1.8500   1.8500   0.1543   0.6675   0.2356   0.3590   0.3590   0.0368   0.0000  -0.1026  -0.1928    0.536
   237   0.9500   5.6714   1.8500   1.8500   0.1141   0.4931   0.2489   0.2651   0.2651   0.0279   0.0000  -0.0776  -0.1442    0.543
   238   0.9500   5.7214   1.8500   1.8500   0.0701   0.3032   0.2611   0.1630   0.1630   0.0175   0.0000  -0.0486  -0.0896    0.548
   239   0.9500   5.7468   1.8500   1.8500   0.0236   0.1024   0.2688   0.0550   0.0550   0.0060   0.0000  -0.0166  -0.0304    0.552

  Surface # 6     upper_tip_pair (YDUP)                   
     # Chordwise = 12   # Spanwise = 17     First strip =240
     Surface area Ssurf =    2.775000     Ave. chord Cave =    1.850000

 Forces referred to Sref, Cref, Bref about Xref, Yref, Zref
 Standard axis orientation,  X fwd, Z down         
     CLsurf  =   0.04134     Clsurf  =   0.01763
     CYsurf  =  -0.00000     Cmsurf  =  -0.00469
     CDsurf  =   0.00355     Cnsurf  =   0.00000
     CDisurf =   0.00355     CDvsurf =   0.00000

 Forces referred to Ssurf, Cave 
     CLsurf  =   0.62564     CDsurf  =   0.05372

 Strip Forces referred to Strip Area, Chord
    j     Xle      Yle      Zle      Chord    Area     c_cl     ai     cl_norm    cl       cd       cdv    cm_c/4     cm_LE   C.P.x/c
   240   0.9500  -4.2532   1.8500   1.8500   0.0236   1.5306   0.1419   0.8251   0.8251   0.0621   0.0000  -0.1907   0.3975    0.481
   241   0.9500  -4.2786   1.8500   1.8500   0.0701   1.5244   0.1429   0.8217   0.8217   0.0621   0.0000  -0.1903   0.3963    0.482
   242   0.9500  -4.3286   1.8500   1.8500   0.1141   1.5117   0.1449   0.8148   0.8148   0.0621   0.0000  -0.1896   0.3939    0.483
   243   0.9500  -4.4015   1.8500   1.8500   0.1543   1.4922   0.1480   0.8043   0.8043   0.0620   0.0000  -0.1884   0.3900    0.484
   244   0.9500  -4.4947   1.8500   1.8500   0.1892   1.4653   0.1521   0.7896   0.7896   0.0619   0.0000  -0.1866   0.3846    0.486
   245   0.9500  -4.6052   1.8500   1.8500   0.2177   1.4299   0.1571   0.7705   0.7705   0.0616   0.0000  -0.1842   0.3774    0.489
   246   0.9500  -4.7291   1.8500   1.8500   0.2388   1.3850   0.1632   0.7461   0.7461   0.0611   0.0000  -0.1809   0.3681    0.493
   247   0.9500  -4.8622   1.8500   1.8500   0.2517   1.3291   0.1703   0.7159   0.7159   0.0603   0.0000  -0.1766   0.3562    0.497
   248   0.9500  -5.0000   1.8500   1.8500   0.2560   1.2605   0.1784   0.6788   0.6788   0.0590   0.0000  -0.1708   0.3411    0.502
   249   0.9500  -5.1378   1.8500   1.8500   0.2517   1.1774   0.1876   0.6339   0.6339   0.0569   0.0000  -0.1631   0.3222    0.507
   250   0.9500  -5.2709   1.8500   1.8500   0.2388   1.0778   0.1980   0.5801   0.5801   0.0539   0.0000  -0.1531   0.2987    0.514
   251   0.9500  -5.3948   1.8500   1.8500   0.2177   0.9603   0.2096   0.5167   0.5167   0.0497   0.0000  -0.1400   0.2698    0.521
   252   0.9500  -5.5053   1.8500   1.8500   0.1892   0.8236   0.2223   0.4430   0.4430   0.0441   0.0000  -0.1233   0.2346    0.528
   253   0.9500  -5.5985   1.8500   1.8500   0.1543   0.6675   0.2356   0.3590   0.3590   0.0368   0.0000  -0.1026   0.1928    0.536
   254   0.9500  -5.6714   1.8500   1.8500   0.1141   0.4931   0.2489   0.2651   0.2651   0.0279   0.0000  -0.0776   0.1442    0.543
   255   0.9500  -5.7214   1.8500   1.8500   0.0701   0.3032   0.2611   0.1630   0.1630   0.0175   0.0000  -0.0486   0.0896    0.548
   256   0.9500  -5.7468   1.8500   1.8500   0.0236   0.1024   0.2688   0.0550   0.0550   0.0060   0.0000  -0.0166   0.0304    0.552

  Surface # 7     tail_halves                             
     # Chordwise = 12   # Spanwise = 32     First strip =257
     Surface area Ssurf =    4.025000     Ave. chord Cave =    1.000000

 Forces referred to Sref, Cref, Bref about Xref, Yref, Zref
 Standard axis orientation,  X fwd, Z down         
     CLsurf  =  -0.01512     Clsurf  =   0.00348
     CYsurf  =  -0.00000     Cmsurf  =   0.03251
     CDsurf  =  -0.00207     Cnsurf  =  -0.00017
     CDisurf =  -0.00207     CDvsurf =   0.00000

 Forces referred to Ssurf, Cave 
     CLsurf  =  -0.15775     CDsurf  =  -0.02156

 Strip Forces referred to Strip Area, Chord
    j     Xle      Yle      Zle      Chord    Area     c_cl     ai     cl_norm    cl       cd       cdv    cm_c/4     cm_LE   C.P.x/c
   257   5.4000   0.5524   0.7750   1.0000   0.0097  -0.0102   0.0840  -0.0102  -0.0102  -0.0012   0.0000  -0.0011   0.0014    0.137
   258   5.4000   0.5718   0.7750   1.0000   0.0290  -0.0305   0.0842  -0.0303  -0.0303  -0.0037   0.0000  -0.0033   0.0044    0.143
   259   5.4000   0.6103   0.7750   1.0000   0.0480  -0.0502   0.0846  -0.0498  -0.0498  -0.0063   0.0000  -0.0049   0.0076    0.151
   260   5.4000   0.6676   0.7750   1.0000   0.0665  -0.0690   0.0852  -0.0685  -0.0685  -0.0087   0.0000  -0.0061   0.0112    0.161
   261   5.4000   0.7432   0.7750   1.0000   0.0844  -0.0866   0.0859  -0.0859  -0.0859  -0.0111   0.0000  -0.0067   0.0149    0.172
   262   5.4000   0.8363   0.7750   1.0000   0.1015  -0.1028   0.0868  -0.1020  -0.1020  -0.0133   0.0000  -0.0069   0.0187    0.182
   263   5.4000   0.9460   0.7750   1.0000   0.1176  -0.1174   0.0879  -0.1166  -0.1166  -0.0153   0.0000  -0.0069   0.0225    0.191
   264   5.4000   1.0713   0.7750   1.0000   0.1326  -0.1306   0.0891  -0.1296  -0.1296  -0.0171   0.0000  -0.0066   0.0260    0.199
   265   5.4000   1.2110   0.7750   1.0000   0.1463  -0.1423   0.0904  -0.1412  -0.1412  -0.0187   0.0000  -0.0063   0.0293    0.206
   266   5.4000   1.3637   0.7750   1.0000   0.1586  -0.1526   0.0917  -0.1514  -0.1514  -0.0202   0.0000  -0.0059   0.0322    0.211
   267   5.4000   1.5279   0.7750   1.0000   0.1694  -0.1616   0.0929  -0.1604  -0.1604  -0.0215   0.0000  -0.0056   0.0348    0.215
   268   5.4000   1.7020   0.7750   1.0000   0.1785  -0.1696   0.0941  -0.1683  -0.1683  -0.0227   0.0000  -0.0054   0.0370    0.218
   269   5.4000   1.8845   0.7750   1.0000   0.1860  -0.1767   0.0951  -0.1753  -0.1753  -0.0238   0.0000  -0.0052   0.0390    0.220
   270   5.4000   2.0735   0.7750   1.0000   0.1916  -0.1828   0.0960  -0.1814  -0.1814  -0.0248   0.0000  -0.0051   0.0407    0.222
   271   5.4000   2.2672   0.7750   1.0000   0.1954  -0.1881   0.0968  -0.1866  -0.1866  -0.0257   0.0000  -0.0050   0.0420    0.223
   272   5.4000   2.4638   0.7750   1.0000   0.1973  -0.1925   0.0974  -0.1909  -0.1909  -0.0264   0.0000  -0.0050   0.0431    0.224
   273   5.4000   2.6612   0.7750   1.0000   0.1973  -0.1958   0.0978  -0.1942  -0.1942  -0.0270   0.0000  -0.0051   0.0439    0.224
   274   5.4000   2.8578   0.7750   1.0000   0.1954  -0.1979   0.0981  -0.1963  -0.1963  -0.0274   0.0000  -0.0052   0.0442    0.223
   275   5.4000   3.0515   0.7750   1.0000   0.1916  -0.1985   0.0980  -0.1969  -0.1969  -0.0275   0.0000  -0.0054   0.0442    0.222
   276   5.4000   3.2405   0.7750   1.0000   0.1860  -0.1973   0.0978  -0.1957  -0.1957  -0.0274   0.0000  -0.0057   0.0436    0.221
   277   5.4000   3.4230   0.7750   1.0000   0.1785  -0.1940   0.0973  -0.1924  -0.1924  -0.0270   0.0000  -0.0060   0.0425    0.219
   278   5.4000   3.5971   0.7750   1.0000   0.1694  -0.1882   0.0966  -0.1866  -0.1866  -0.0261   0.0000  -0.0064   0.0407    0.216
   279   5.4000   3.7613   0.7750   1.0000   0.1586  -0.1798   0.0957  -0.1783  -0.1783  -0.0248   0.0000  -0.0067   0.0382    0.212
   280   5.4000   3.9140   0.7750   1.0000   0.1463  -0.1686   0.0946  -0.1672  -0.1672  -0.0231   0.0000  -0.0070   0.0351    0.208
   281   5.4000   4.0537   0.7750   1.0000   0.1326  -0.1546   0.0934  -0.1534  -0.1534  -0.0210   0.0000  -0.0072   0.0314    0.203
   282   5.4000   4.1790   0.7750   1.0000   0.1176  -0.1381   0.0922  -0.1370  -0.1370  -0.0185   0.0000  -0.0073   0.0272    0.197
   283   5.4000   4.2887   0.7750   1.0000   0.1015  -0.1195   0.0911  -0.1186  -0.1186  -0.0158   0.0000  -0.0072   0.0227    0.189
   284   5.4000   4.3818   0.7750   1.0000   0.0844  -0.0993   0.0900  -0.0985  -0.0985  -0.0129   0.0000  -0.0067   0.0181    0.182
   285   5.4000   4.4574   0.7750   1.0000   0.0665  -0.0779   0.0892  -0.0773  -0.0773  -0.0099   0.0000  -0.0059   0.0135    0.173
   286   5.4000   4.5147   0.7750   1.0000   0.0480  -0.0559   0.0885  -0.0555  -0.0555  -0.0069   0.0000  -0.0047   0.0093    0.165
   287   5.4000   4.5532   0.7750   1.0000   0.0290  -0.0336   0.0880  -0.0334  -0.0334  -0.0040   0.0000  -0.0031   0.0054    0.159
   288   5.4000   4.5726   0.7750   1.0000   0.0097  -0.0112   0.0878  -0.0111  -0.0111  -0.0013   0.0000  -0.0011   0.0017    0.154

  Surface # 8     tail_halves (YDUP)                      
     # Chordwise = 12   # Spanwise = 32     First strip =289
     Surface area Ssurf =    4.025000     Ave. chord Cave =    1.000000

 Forces referred to Sref, Cref, Bref about Xref, Yref, Zref
 Standard axis orientation,  X fwd, Z down         
     CLsurf  =  -0.01512     Clsurf  =  -0.00348
     CYsurf  =   0.00000     Cmsurf  =   0.03251
     CDsurf  =  -0.00207     Cnsurf  =   0.00017
     CDisurf =  -0.00207     CDvsurf =   0.00000

 Forces referred to Ssurf, Cave 
     CLsurf  =  -0.15775     CDsurf  =  -0.02156

 Strip Forces referred to Strip Area, Chord
    j     Xle      Yle      Zle      Chord    Area     c_cl     ai     cl_norm    cl       cd       cdv    cm_c/4     cm_LE   C.P.x/c
   289   5.4000  -0.5524   0.7750   1.0000   0.0097  -0.0102   0.0840  -0.0102  -0.0102  -0.0012   0.0000  -0.0011  -0.0014    0.137
   290   5.4000  -0.5718   0.7750   1.0000   0.0290  -0.0305   0.0842  -0.0303  -0.0303  -0.0037   0.0000  -0.0033  -0.0044    0.143
   291   5.4000  -0.6103   0.7750   1.0000   0.0480  -0.0502   0.0846  -0.0498  -0.0498  -0.0063   0.0000  -0.0049  -0.0076    0.151
   292   5.4000  -0.6676   0.7750   1.0000   0.0665  -0.0690   0.0852  -0.0685  -0.0685  -0.0087   0.0000  -0.0061  -0.0112    0.161
   293   5.4000  -0.7432   0.7750   1.0000   0.0844  -0.0866   0.0859  -0.0859  -0.0859  -0.0111   0.0000  -0.0067  -0.0149    0.172
   294   5.4000  -0.8363   0.7750   1.0000   0.1015  -0.1028   0.0868  -0.1020  -0.1020  -0.0133   0.0000  -0.0069  -0.0187    0.182
   295   5.4000  -0.9460   0.7750   1.0000   0.1176  -0.1174   0.0879  -0.1166  -0.1166  -0.0153   0.0000  -0.0069  -0.0225    0.191
   296   5.4000  -1.0713   0.7750   1.0000   0.1326  -0.1306   0.0891  -0.1296  -0.1296  -0.0171   0.0000  -0.0066  -0.0260    0.199
   297   5.4000  -1.2110   0.7750   1.0000   0.1463  -0.1423   0.0904  -0.1412  -0.1412  -0.0187   0.0000  -0.0063  -0.0293    0.206
   298   5.4000  -1.3637   0.7750   1.0000   0.1586  -0.1526   0.0917  -0.1514  -0.1514  -0.0202   0.0000  -0.0059  -0.0322    0.211
   299   5.4000  -1.5279   0.7750   1.0000   0.1694  -0.1616   0.0929  -0.1604  -0.1604  -0.0215   0.0000  -0.0056  -0.0348    0.215
   300   5.4000  -1.7020   0.7750   1.0000   0.1785  -0.1696   0.0941  -0.1683  -0.1683  -0.0227   0.0000  -0.0054  -0.0370    0.218
   301   5.4000  -1.8845   0.7750   1.0000   0.1860  -0.1767   0.0951  -0.1753  -0.1753  -0.0238   0.0000  -0.0052  -0.0390    0.220
   302   5.4000  -2.0735   0.7750   1.0000   0.1916  -0.1828   0.0960  -0.1814  -0.1814  -0.0248   0.0000  -0.0051  -0.0407    0.222
   303   5.4000  -2.2672   0.7750   1.0000   0.1954  -0.1881   0.0968  -0.1866  -0.1866  -0.0257   0.0000  -0.0050  -0.0420    0.223
   304   5.4000  -2.4638   0.7750   1.0000   0.1973  -0.1925   0.0974  -0.1909  -0.1909  -0.0264   0.0000  -0.0050  -0.0431    0.224
   305   5.4000  -2.6612   0.7750   1.0000   0.1973  -0.1958   0.0978  -0.1942  -0.1942  -0.0270   0.0000  -0.0051  -0.0439    0.224
   306   5.4000  -2.8578   0.7750   1.0000   0.1954  -0.1979   0.0981  -0.1963  -0.1963  -0.0274   0.0000  -0.0052  -0.0442    0.223
   307   5.4000  -3.0515   0.7750   1.0000   0.1916  -0.1985   0.0980  -0.1969  -0.1969  -0.0275   0.0000  -0.0054  -0.0442    0.222
   308   5.4000  -3.2405   0.7750   1.0000   0.1860  -0.1973   0.0978  -0.1957  -0.1957  -0.0274   0.0000  -0.0057  -0.0436    0.221
   309   5.4000  -3.4230   0.7750   1.0000   0.1785  -0.1940   0.0973  -0.1924  -0.1924  -0.0270   0.0000  -0.0060  -0.0425    0.219
   310   5.4000  -3.5971   0.7750   1.0000   0.1694  -0.1882   0.0966  -0.1866  -0.1866  -0.0261   0.0000  -0.0064  -0.0407    0.216
   311   5.4000  -3.7613   0.7750   1.0000   0.1586  -0.1798   0.0957  -0.1783  -0.1783  -0.0248   0.0000  -0.0067  -0.0382    0.212
   312   5.4000  -3.9140   0.7750   1.0000   0.1463  -0.1686   0.0946  -0.1672  -0.1672  -0.0231   0.0000  -0.0070  -0.0351    0.208
   313   5.4000  -4.0537   0.7750   1.0000   0.1326  -0.1546   0.0934  -0.1534  -0.1534  -0.0210   0.0000  -0.0072  -0.0314    0.203
   314   5.4000  -4.1790   0.7750   1.0000   0.1176  -0.1381   0.0922  -0.1370  -0.1370  -0.0185   0.0000  -0.0073  -0.0272    0.197
   315   5.4000  -4.2887   0.7750   1.0000   0.1015  -0.1195   0.0911  -0.1186  -0.1186  -0.0158   0.0000  -0.0072  -0.0227    0.189
   316   5.4000  -4.3818   0.7750   1.0000   0.0844  -0.0993   0.0900  -0.0985  -0.0985  -0.0129   0.0000  -0.0067  -0.0181    0.182
   317   5.4000  -4.4574   0.7750   1.0000   0.0665  -0.0779   0.0892  -0.0773  -0.0773  -0.0099   0.0000  -0.0059  -0.0135    0.173
   318   5.4000  -4.5147   0.7750   1.0000   0.0480  -0.0559   0.0885  -0.0555  -0.0555  -0.0069   0.0000  -0.0047  -0.0093    0.165
   319   5.4000  -4.5532   0.7750   1.0000   0.0290  -0.0336   0.0880  -0.0334  -0.0334  -0.0040   0.0000  -0.0031  -0.0054    0.159
   320   5.4000  -4.5726   0.7750   1.0000   0.0097  -0.0112   0.0878  -0.0111  -0.0111  -0.0013   0.0000  -0.0011  -0.0017    0.154

  Surface # 9     fin_fixed                               
     # Chordwise = 12   # Spanwise = 24     First strip =321
     Surface area Ssurf =    0.720000     Ave. chord Cave =    1.200000

 Forces referred to Sref, Cref, Bref about Xref, Yref, Zref
 Standard axis orientation,  X fwd, Z down         
     CLsurf  =  -0.00000     Clsurf  =   0.00000
     CYsurf  =   0.00000     Cmsurf  =   0.00000
     CDsurf  =   0.00000     Cnsurf  =  -0.00000
     CDisurf =   0.00000     CDvsurf =   0.00000

 Forces referred to Ssurf, Cave 
     CLsurf  =   0.00000     CDsurf  =   0.00000

 Strip Forces referred to Strip Area, Chord
    j     Xle      Yle      Zle      Chord    Area     c_cl     ai     cl_norm    cl       cd       cdv    cm_c/4     cm_LE   C.P.x/c
   321   5.4000   0.0000   1.7994   1.2000   0.0031  -0.0000   0.0000  -0.0000  -0.0000  -0.0000   0.0000   0.0000   0.0000  999.000
   322   5.4000   0.0000   1.7942   1.2000   0.0092  -0.0000  -0.0000  -0.0000  -0.0000   0.0000   0.0000   0.0000   0.0000    0.833
   323   5.4000   0.0000   1.7841   1.2000   0.0151  -0.0000   0.0000  -0.0000  -0.0000  -0.0000   0.0000   0.0000   0.0000    0.492
   324   5.4000   0.0000   1.7691   1.2000   0.0208  -0.0000  -0.0000  -0.0000  -0.0000   0.0000   0.0000  -0.0000   0.0000    0.076
   325   5.4000   0.0000   1.7494   1.2000   0.0262  -0.0000  -0.0000  -0.0000  -0.0000   0.0000   0.0000  -0.0000  -0.0000  999.000
   326   5.4000   0.0000   1.7256   1.2000   0.0310  -0.0000  -0.0000  -0.0000  -0.0000   0.0000   0.0000  -0.0000  -0.0000   -0.672
   327   5.4000   0.0000   1.6978   1.2000   0.0354   0.0000  -0.0000   0.0000   0.0000   0.0000   0.0000  -0.0000  -0.0000  999.000
   328   5.4000   0.0000   1.6667   1.2000   0.0392  -0.0000  -0.0000  -0.0000  -0.0000  -0.0000   0.0000  -0.0000  -0.0000  999.000
   329   5.4000   0.0000   1.6327   1.2000   0.0422   0.0000  -0.0000   0.0000   0.0000  -0.0000   0.0000  -0.0000  -0.0000  999.000
   330   5.4000   0.0000   1.5964   1.2000   0.0446   0.0000  -0.0000   0.0000   0.0000   0.0000   0.0000  -0.0000  -0.0000    1.036
   331   5.4000   0.0000   1.5585   1.2000   0.0462   0.0000  -0.0000   0.0000   0.0000   0.0000   0.0000  -0.0000  -0.0000    0.493
   332   5.4000   0.0000   1.5196   1.2000   0.0470   0.0000   0.0000   0.0000   0.0000   0.0000   0.0000  -0.0000  -0.0000    0.312
   333   5.4000   0.0000   1.4804   1.2000   0.0470   0.0000   0.0000   0.0000   0.0000   0.0000   0.0000   0.0000  -0.0000    0.211
   334   5.4000   0.0000   1.4415   1.2000   0.0462   0.0000   0.0000   0.0000   0.0000   0.0000   0.0000   0.0000  -0.0000    0.204
   335   5.4000   0.0000   1.4036   1.2000   0.0446   0.0000   0.0000   0.0000   0.0000  -0.0000   0.0000   0.0000  -0.0000    0.232
   336   5.4000   0.0000   1.3673   1.2000   0.0422   0.0000   0.0000   0.0000   0.0000   0.0000   0.0000  -0.0000  -0.0000    0.269
   337   5.4000   0.0000   1.3333   1.2000   0.0392   0.0000  -0.0000   0.0000   0.0000  -0.0000   0.0000  -0.0000  -0.0000    0.313
   338   5.4000   0.0000   1.3022   1.2000   0.0354   0.0000  -0.0000   0.0000   0.0000  -0.0000   0.0000  -0.0000  -0.0000    0.403
   339   5.4000   0.0000   1.2744   1.2000   0.0310   0.0000  -0.0000   0.0000   0.0000  -0.0000   0.0000  -0.0000  -0.0000    0.444
   340   5.4000   0.0000   1.2506   1.2000   0.0262   0.0000  -0.0000   0.0000   0.0000  -0.0000   0.0000  -0.0000  -0.0000    0.549
   341   5.4000   0.0000   1.2309   1.2000   0.0208   0.0000  -0.0000   0.0000   0.0000  -0.0000   0.0000  -0.0000  -0.0000    0.574
   342   5.4000   0.0000   1.2159   1.2000   0.0151   0.0000  -0.0000   0.0000   0.0000  -0.0000   0.0000  -0.0000  -0.0000    0.617
   343   5.4000   0.0000   1.2058   1.2000   0.0092   0.0000  -0.0000   0.0000   0.0000   0.0000   0.0000  -0.0000  -0.0000    0.605
   344   5.4000   0.0000   1.2006   1.2000   0.0031   0.0000  -0.0000   0.0000   0.0000   0.0000   0.0000  -0.0000  -0.0000    0.634

  Surface #10     rudder_upper                            
     # Chordwise = 12   # Spanwise = 24     First strip =345
     Surface area Ssurf =    0.540000     Ave. chord Cave =    0.900000

 Forces referred to Sref, Cref, Bref about Xref, Yref, Zref
 Standard axis orientation,  X fwd, Z down         
     CLsurf  =  -0.00000     Clsurf  =   0.00000
     CYsurf  =   0.00000     Cmsurf  =   0.00000
     CDsurf  =   0.00000     Cnsurf  =  -0.00000
     CDisurf =   0.00000     CDvsurf =   0.00000

 Forces referred to Ssurf, Cave 
     CLsurf  =   0.00000     CDsurf  =   0.00000

 Strip Forces referred to Strip Area, Chord
    j     Xle      Yle      Zle      Chord    Area     c_cl     ai     cl_norm    cl       cd       cdv    cm_c/4     cm_LE   C.P.x/c
   345   6.6000   0.0000   1.7994   0.9000   0.0023   0.0000   0.0000   0.0000   0.0000   0.0000   0.0000  -0.0000  -0.0000    0.445
   346   6.6000   0.0000   1.7942   0.9000   0.0069   0.0000  -0.0000   0.0000   0.0000   0.0000   0.0000  -0.0000  -0.0000    0.353
   347   6.6000   0.0000   1.7841   0.9000   0.0114   0.0000   0.0000   0.0000   0.0000  -0.0000   0.0000   0.0000  -0.0000    0.141
   348   6.6000   0.0000   1.7691   0.9000   0.0156   0.0000  -0.0000   0.0000   0.0000  -0.0000   0.0000   0.0000   0.0000   -0.265
   349   6.6000   0.0000   1.7494   0.9000   0.0196  -0.0000  -0.0000  -0.0000  -0.0000   0.0000   0.0000   0.0000   0.0000    1.227
   350   6.6000   0.0000   1.7256   0.9000   0.0233   0.0000  -0.0000   0.0000   0.0000   0.0000   0.0000   0.0000   0.0000  999.000
   351   6.6000   0.0000   1.6978   0.9000   0.0266  -0.0000  -0.0000  -0.0000  -0.0000   0.0000   0.0000   0.0000   0.0000    0.989
   352   6.6000   0.0000   1.6667   0.9000   0.0294   0.0000  -0.0000   0.0000   0.0000   0.0000   0.0000  -0.0000  -0.0000    0.664
   353   6.6000   0.0000   1.6327   0.9000   0.0317   0.0000  -0.0000   0.0000   0.0000  -0.0000   0.0000  -0.0000  -0.0000    0.458
   354   6.6000   0.0000   1.5964   0.9000   0.0334   0.0000  -0.0000   0.0000   0.0000  -0.0000   0.0000  -0.0000  -0.0000    1.310
   355   6.6000   0.0000   1.5585   0.9000   0.0346   0.0000  -0.0000   0.0000   0.0000   0.0000   0.0000  -0.0000  -0.0000    0.335
   356   6.6000   0.0000   1.5196   0.9000   0.0352   0.0000   0.0000   0.0000   0.0000   0.0000   0.0000  -0.0000  -0.0000    0.355
   357   6.6000   0.0000   1.4804   0.9000   0.0352   0.0000   0.0000   0.0000   0.0000   0.0000   0.0000  -0.0000  -0.0000    0.358
   358   6.6000   0.0000   1.4415   0.9000   0.0346   0.0000   0.0000   0.0000   0.0000   0.0000   0.0000   0.0000   0.0000   -0.309
   359   6.6000   0.0000   1.4036   0.9000   0.0334   0.0000   0.0000   0.0000   0.0000   0.0000   0.0000   0.0000   0.0000   -0.320
   360   6.6000   0.0000   1.3673   0.9000   0.0317   0.0000   0.0000   0.0000   0.0000   0.0000   0.0000   0.0000   0.0000   -0.260
   361   6.6000   0.0000   1.3333   0.9000   0.0294   0.0000  -0.0000   0.0000   0.0000   0.0000   0.0000   0.0000   0.0000   -0.306
   362   6.6000   0.0000   1.3022   0.9000   0.0266   0.0000  -0.0000   0.0000   0.0000   0.0000   0.0000   0.0000   0.0000   -0.633
   363   6.6000   0.0000   1.2744   0.9000   0.0233   0.0000  -0.0000   0.0000   0.0000   0.0000   0.0000   0.0000   0.0000   -0.853
   364   6.6000   0.0000   1.2506   0.9000   0.0196   0.0000  -0.0000   0.0000   0.0000   0.0000   0.0000   0.0000   0.0000   -0.898
   365   6.6000   0.0000   1.2309   0.9000   0.0156   0.0000  -0.0000   0.0000   0.0000  -0.0000   0.0000   0.0000   0.0000   -0.739
   366   6.6000   0.0000   1.2159   0.9000   0.0114   0.0000  -0.0000   0.0000   0.0000  -0.0000   0.0000   0.0000   0.0000   -0.247
   367   6.6000   0.0000   1.2058   0.9000   0.0069   0.0000  -0.0000   0.0000   0.0000   0.0000   0.0000   0.0000   0.0000   -0.114
   368   6.6000   0.0000   1.2006   0.9000   0.0023   0.0000  -0.0000   0.0000   0.0000  -0.0000   0.0000   0.0000   0.0000   -0.068

  Surface #11     rudder_lower                            
     # Chordwise = 12   # Spanwise = 16     First strip =369
     Surface area Ssurf =    0.360000     Ave. chord Cave =    0.900000

 Forces referred to Sref, Cref, Bref about Xref, Yref, Zref
 Standard axis orientation,  X fwd, Z down         
     CLsurf  =   0.00000     Clsurf  =   0.00000
     CYsurf  =   0.00000     Cmsurf  =  -0.00000
     CDsurf  =  -0.00000     Cnsurf  =  -0.00000
     CDisurf =  -0.00000     CDvsurf =   0.00000

 Forces referred to Ssurf, Cave 
     CLsurf  =   0.00000     CDsurf  =  -0.00000

 Strip Forces referred to Strip Area, Chord
    j     Xle      Yle      Zle      Chord    Area     c_cl     ai     cl_norm    cl       cd       cdv    cm_c/4     cm_LE   C.P.x/c
   369   6.6000   0.0000   1.1990   0.9000   0.0035   0.0000   0.0000   0.0000   0.0000  -0.0000   0.0000   0.0000   0.0000   -0.051
   370   6.6000   0.0000   1.1914   0.9000   0.0102   0.0000  -0.0000   0.0000   0.0000  -0.0000   0.0000   0.0000   0.0000   -0.041
   371   6.6000   0.0000   1.1764   0.9000   0.0166   0.0000  -0.0000   0.0000   0.0000  -0.0000   0.0000   0.0000   0.0000   -0.014
   372   6.6000   0.0000   1.1546   0.9000   0.0224   0.0000   0.0000   0.0000   0.0000  -0.0000   0.0000   0.0000  -0.0000    0.064
   373   6.6000   0.0000   1.1269   0.9000   0.0273   0.0000  -0.0000   0.0000   0.0000  -0.0000   0.0000   0.0000  -0.0000    0.055
   374   6.6000   0.0000   1.0943   0.9000   0.0311   0.0000   0.0000   0.0000   0.0000  -0.0000   0.0000   0.0000  -0.0000    0.089
   375   6.6000   0.0000   1.0581   0.9000   0.0338   0.0000   0.0000   0.0000   0.0000  -0.0000   0.0000   0.0000  -0.0000    0.082
   376   6.6000   0.0000   1.0196   0.9000   0.0351   0.0000  -0.0000   0.0000   0.0000  -0.0000   0.0000   0.0000   0.0000   -0.020
   377   6.6000   0.0000   0.9804   0.9000   0.0351   0.0000  -0.0000   0.0000   0.0000  -0.0000   0.0000   0.0000   0.0000   -0.075
   378   6.6000   0.0000   0.9419   0.9000   0.0338   0.0000  -0.0000   0.0000   0.0000   0.0000   0.0000   0.0000   0.0000   -0.194
   379   6.6000   0.0000   0.9057   0.9000   0.0311   0.0000  -0.0000   0.0000   0.0000   0.0000   0.0000   0.0000   0.0000   -0.095
   380   6.6000   0.0000   0.8731   0.9000   0.0273   0.0000  -0.0000   0.0000   0.0000  -0.0000   0.0000   0.0000   0.0000   -0.249
   381   6.6000   0.0000   0.8454   0.9000   0.0224   0.0000   0.0000   0.0000   0.0000   0.0000   0.0000   0.0000  -0.0000    0.104
   382   6.6000   0.0000   0.8236   0.9000   0.0166   0.0000  -0.0000   0.0000   0.0000  -0.0000   0.0000   0.0000   0.0000   -0.141
   383   6.6000   0.0000   0.8086   0.9000   0.0102   0.0000  -0.0000   0.0000   0.0000  -0.0000   0.0000   0.0000   0.0000   -0.485
   384   6.6000   0.0000   0.8010   0.9000   0.0035   0.0000   0.0000   0.0000   0.0000  -0.0000   0.0000   0.0000   0.0000   -0.095
 ---------------------------------------------------------------
