 ---------------------------------------------------------------
 Surface and Strip Forces by surface

  Sref =  42.000       Cref =  1.8500       Bref =  11.500    
  Xref =  1.6429       Yref =  0.0000       Zref = 0.77530    

  Surface # 1     lower                                   
     # Chordwise = 12   # Spanwise = 64     First strip =  1
     Surface area Ssurf =   10.637500     Ave. chord Cave =    1.850000

 Forces referred to Sref, Cref, Bref about Xref, Yref, Zref
 Standard axis orientation,  X fwd, Z down         
     CLsurf  =   0.18273     Clsurf  =  -0.04208
     CYsurf  =  -0.00000     Cmsurf  =  -0.01436
     CDsurf  =   0.01147     Cnsurf  =  -0.00073
     CDisurf =   0.01147     CDvsurf =   0.00000

 Forces referred to Ssurf, Cave 
     CLsurf  =   0.72147     CDsurf  =   0.04527

 Strip Forces referred to Strip Area, Chord
    j     Xle      Yle      Zle      Chord    Area     c_cl     ai     cl_norm    cl       cd       cdv    cm_c/4     cm_LE   C.P.x/c
     1   0.9500   0.0009   0.0000   1.8500   0.0064   1.4984   0.1177   0.8093   0.8093   0.0420   0.0000  -0.1600  -0.3625    0.448
     2   0.9500   0.0078   0.0000   1.8500   0.0192   1.4984   0.1177   0.8093   0.8093   0.0420   0.0000  -0.1600  -0.3625    0.448
     3   0.9500   0.0216   0.0000   1.8500   0.0320   1.4984   0.1177   0.8093   0.8093   0.0420   0.0000  -0.1600  -0.3625    0.448
     4   0.9500   0.0423   0.0000   1.8500   0.0446   1.4984   0.1177   0.8093   0.8093   0.0420   0.0000  -0.1600  -0.3625    0.448
     5   0.9500   0.0699   0.0000   1.8500   0.0572   1.4983   0.1176   0.8093   0.8093   0.0420   0.0000  -0.1600  -0.3625    0.448
     6   0.9500   0.1041   0.0000   1.8500   0.0696   1.4983   0.1175   0.8093   0.8093   0.0420   0.0000  -0.1601  -0.3625    0.448
     7   0.9500   0.1451   0.0000   1.8500   0.0819   1.4982   0.1173   0.8093   0.8093   0.0420   0.0000  -0.1601  -0.3625    0.448
     8   0.9500   0.1926   0.0000   1.8500   0.0940   1.4981   0.1170   0.8092   0.8092   0.0420   0.0000  -0.1601  -0.3625    0.448
     9   0.9500   0.2466   0.0000   1.8500   0.1058   1.4980   0.1166   0.8091   0.8091   0.0421   0.0000  -0.1601  -0.3625    0.448
    10   0.9500   0.3070   0.0000   1.8500   0.1174   1.4978   0.1160   0.8090   0.8090   0.0421   0.0000  -0.1601  -0.3625    0.448
    11   0.9500   0.3735   0.0000   1.8500   0.1287   1.4975   0.1152   0.8088   0.8088   0.0421   0.0000  -0.1601  -0.3624    0.448
    12   0.9500   0.4460   0.0000   1.8500   0.1397   1.4971   0.1141   0.8086   0.8086   0.0421   0.0000  -0.1601  -0.3624    0.448
    13   0.9500   0.5244   0.0000   1.8500   0.1503   1.4966   0.1128   0.8084   0.8084   0.0422   0.0000  -0.1601  -0.3623    0.448
    14   0.9500   0.6085   0.0000   1.8500   0.1606   1.4960   0.1112   0.8080   0.8080   0.0422   0.0000  -0.1601  -0.3623    0.448
    15   0.9500   0.6980   0.0000   1.8500   0.1705   1.4953   0.1093   0.8076   0.8076   0.0423   0.0000  -0.1601  -0.3622    0.448
    16   0.9500   0.7928   0.0000   1.8500   0.1800   1.4944   0.1074   0.8071   0.8071   0.0423   0.0000  -0.1601  -0.3621    0.448
    17   0.9500   0.8926   0.0000   1.8500   0.1891   1.4933   0.1054   0.8066   0.8066   0.0424   0.0000  -0.1602  -0.3620    0.449
    18   0.9500   0.9971   0.0000   1.8500   0.1977   1.4921   0.1036   0.8059   0.8059   0.0425   0.0000  -0.1602  -0.3618    0.449
    19   0.9500   1.1062   0.0000   1.8500   0.2058   1.4906   0.1019   0.8050   0.8050   0.0426   0.0000  -0.1602  -0.3616    0.449
    20   0.9500   1.2196   0.0000   1.8500   0.2134   1.4888   0.1006   0.8041   0.8041   0.0428   0.0000  -0.1602  -0.3614    0.449
    21   0.9500   1.3369   0.0000   1.8500   0.2206   1.4868   0.0995   0.8030   0.8030   0.0429   0.0000  -0.1603  -0.3612    0.450
    22   0.9500   1.4579   0.0000   1.8500   0.2271   1.4846   0.0987   0.8017   0.8017   0.0431   0.0000  -0.1603  -0.3609    0.450
    23   0.9500   1.5824   0.0000   1.8500   0.2332   1.4820   0.0981   0.8003   0.8003   0.0433   0.0000  -0.1604  -0.3606    0.450
    24   0.9500   1.7099   0.0000   1.8500   0.2387   1.4791   0.0978   0.7987   0.7987   0.0435   0.0000  -0.1604  -0.3603    0.451
    25   0.9500   1.8403   0.0000   1.8500   0.2436   1.4758   0.0978   0.7970   0.7970   0.0437   0.0000  -0.1605  -0.3599    0.451
    26   0.9500   1.9732   0.0000   1.8500   0.2479   1.4722   0.0979   0.7950   0.7950   0.0439   0.0000  -0.1605  -0.3595    0.452
    27   0.9500   2.1082   0.0000   1.8500   0.2516   1.4681   0.0982   0.7927   0.7927   0.0442   0.0000  -0.1606  -0.3590    0.453
    28   0.9500   2.2451   0.0000   1.8500   0.2547   1.4636   0.0986   0.7903   0.7903   0.0445   0.0000  -0.1607  -0.3585    0.453
    29   0.9500   2.3835   0.0000   1.8500   0.2572   1.4587   0.0992   0.7875   0.7875   0.0449   0.0000  -0.1607  -0.3579    0.454
    30   0.9500   2.5231   0.0000   1.8500   0.2591   1.4532   0.1000   0.7845   0.7845   0.0452   0.0000  -0.1608  -0.3572    0.455
    31   0.9500   2.6635   0.0000   1.8500   0.2603   1.4472   0.1009   0.7812   0.7812   0.0456   0.0000  -0.1609  -0.3565    0.456
    32   0.9500   2.8044   0.0000   1.8500   0.2610   1.4405   0.1020   0.7776   0.7776   0.0460   0.0000  -0.1609  -0.3556    0.457
    33   0.9500   2.9456   0.0000   1.8500   0.2610   1.4333   0.1034   0.7736   0.7736   0.0464   0.0000  -0.1610  -0.3547    0.458
    34   0.9500   3.0865   0.0000   1.8500   0.2603   1.4252   0.1049   0.7692   0.7692   0.0468   0.0000  -0.1610  -0.3536    0.459
    35   0.9500   3.2269   0.0000   1.8500   0.2591   1.4164   0.1068   0.7644   0.7644   0.0473   0.0000  -0.1611  -0.3525    0.461
    36   0.9500   3.3665   0.0000   1.8500   0.2572   1.4068   0.1090   0.7591   0.7591   0.0478   0.0000  -0.1611  -0.3512    0.462
    37   0.9500   3.5049   0.0000   1.8500   0.2547   1.3961   0.1116   0.7533   0.7533   0.0482   0.0000  -0.1610  -0.3497    0.464
    38   0.9500   3.6418   0.0000   1.8500   0.2516   1.3843   0.1146   0.7469   0.7469   0.0487   0.0000  -0.1609  -0.3480    0.465
    39   0.9500   3.7768   0.0000   1.8500   0.2479   1.3713   0.1182   0.7398   0.7398   0.0492   0.0000  -0.1608  -0.3461    0.467
    40   0.9500   3.9097   0.0000   1.8500   0.2436   1.3570   0.1224   0.7319   0.7319   0.0497   0.0000  -0.1606  -0.3439    0.469
    41   0.9500   4.0401   0.0000   1.8500   0.2387   1.3410   0.1272   0.7232   0.7232   0.0502   0.0000  -0.1602  -0.3414    0.472
    42   0.9500   4.1676   0.0000   1.8500   0.2332   1.3233   0.1327   0.7136   0.7136   0.0506   0.0000  -0.1598  -0.3386    0.474
    43   0.9500   4.2921   0.0000   1.8500   0.2271   1.3036   0.1386   0.7029   0.7029   0.0510   0.0000  -0.1591  -0.3353    0.476
    44   0.9500   4.4131   0.0000   1.8500   0.2206   1.2816   0.1450   0.6909   0.6909   0.0513   0.0000  -0.1583  -0.3315    0.479
    45   0.9500   4.5304   0.0000   1.8500   0.2134   1.2571   0.1514   0.6776   0.6776   0.0515   0.0000  -0.1572  -0.3271    0.482
    46   0.9500   4.6438   0.0000   1.8500   0.2058   1.2299   0.1577   0.6628   0.6628   0.0516   0.0000  -0.1558  -0.3220    0.485
    47   0.9500   4.7529   0.0000   1.8500   0.1977   1.1995   0.1639   0.6463   0.6463   0.0515   0.0000  -0.1540  -0.3161    0.488
    48   0.9500   4.8574   0.0000   1.8500   0.1891   1.1657   0.1698   0.6280   0.6280   0.0513   0.0000  -0.1518  -0.3094    0.492
    49   0.9500   4.9572   0.0000   1.8500   0.1800   1.1282   0.1756   0.6077   0.6077   0.0509   0.0000  -0.1492  -0.3016    0.495
    50   0.9500   5.0520   0.0000   1.8500   0.1705   1.0868   0.1815   0.5853   0.5853   0.0502   0.0000  -0.1459  -0.2927    0.499
    51   0.9500   5.1415   0.0000   1.8500   0.1606   1.0411   0.1874   0.5606   0.5606   0.0493   0.0000  -0.1420  -0.2827    0.503
    52   0.9500   5.2256   0.0000   1.8500   0.1503   0.9910   0.1935   0.5335   0.5335   0.0480   0.0000  -0.1373  -0.2712    0.507
    53   0.9500   5.3040   0.0000   1.8500   0.1397   0.9363   0.1998   0.5040   0.5040   0.0464   0.0000  -0.1318  -0.2583    0.512
    54   0.9500   5.3765   0.0000   1.8500   0.1287   0.8769   0.2063   0.4719   0.4719   0.0444   0.0000  -0.1254  -0.2439    0.516
    55   0.9500   5.4430   0.0000   1.8500   0.1174   0.8126   0.2130   0.4373   0.4373   0.0420   0.0000  -0.1181  -0.2279    0.520
    56   0.9500   5.5034   0.0000   1.8500   0.1058   0.7436   0.2199   0.4000   0.4000   0.0392   0.0000  -0.1098  -0.2102    0.524
    57   0.9500   5.5574   0.0000   1.8500   0.0940   0.6699   0.2269   0.3603   0.3603   0.0359   0.0000  -0.1004  -0.1909    0.529
    58   0.9500   5.6049   0.0000   1.8500   0.0819   0.5916   0.2339   0.3182   0.3182   0.0323   0.0000  -0.0899  -0.1699    0.533
    59   0.9500   5.6459   0.0000   1.8500   0.0696   0.5091   0.2408   0.2738   0.2738   0.0282   0.0000  -0.0784  -0.1472    0.536
    60   0.9500   5.6801   0.0000   1.8500   0.0572   0.4226   0.2474   0.2273   0.2273   0.0237   0.0000  -0.0659  -0.1230    0.540
    61   0.9500   5.7077   0.0000   1.8500   0.0446   0.3327   0.2537   0.1789   0.1789   0.0189   0.0000  -0.0524  -0.0974    0.543
    62   0.9500   5.7284   0.0000   1.8500   0.0320   0.2399   0.2593   0.1290   0.1290   0.0138   0.0000  -0.0381  -0.0705    0.545
    63   0.9500   5.7422   0.0000   1.8500   0.0192   0.1449   0.2634   0.0779   0.0779   0.0084   0.0000  -0.0232  -0.0427    0.547
    64   0.9500   5.7491   0.0000   1.8500   0.0064   0.0485   0.2653   0.0260   0.0260   0.0028   0.0000  -0.0078  -0.0143    0.548

  Surface # 2     lower (YDUP)                            
     # Chordwise = 12   # Spanwise = 64     First strip = 65
     Surface area Ssurf =   10.637500     Ave. chord Cave =    1.850000

 Forces referred to Sref, Cref, Bref about Xref, Yref, Zref
 Standard axis orientation,  X fwd, Z down         
     CLsurf  =   0.18273     Clsurf  =   0.04208
     CYsurf  =   0.00000     Cmsurf  =  -0.01436
     CDsurf  =   0.01147     Cnsurf  =   0.00073
     CDisurf =   0.01147     CDvsurf =   0.00000

 Forces referred to Ssurf, Cave 
     CLsurf  =   0.72147     CDsurf  =   0.04527

 Strip Forces referred to Strip Area, Chord
    j     Xle      Yle      Zle      Chord    Area     c_cl     ai     cl_norm    cl       cd       cdv    cm_c/4     cm_LE   C.P.x/c
    65   0.9500  -0.0009   0.0000   1.8500   0.0064   1.4984   0.1177   0.8093   0.8093   0.0420   0.0000  -0.1600   0.3625    0.448
    66   0.9500  -0.0078   0.0000   1.8500   0.0192   1.4984   0.1177   0.8093   0.8093   0.0420   0.0000  -0.1600   0.3625    0.448
    67   0.9500  -0.0216   0.0000   1.8500   0.0320   1.4984   0.1177   0.8093   0.8093   0.0420   0.0000  -0.1600   0.3625    0.448
    68   0.9500  -0.0423   0.0000   1.8500   0.0446   1.4984   0.1177   0.8093   0.8093   0.0420   0.0000  -0.1600   0.3625    0.448
    69   0.9500  -0.0699   0.0000   1.8500   0.0572   1.4983   0.1176   0.8093   0.8093   0.0420   0.0000  -0.1600   0.3625    0.448
    70   0.9500  -0.1041   0.0000   1.8500   0.0696   1.4983   0.1175   0.8093   0.8093   0.0420   0.0000  -0.1601   0.3625    0.448
    71   0.9500  -0.1451   0.0000   1.8500   0.0819   1.4982   0.1173   0.8093   0.8093   0.0420   0.0000  -0.1601   0.3625    0.448
    72   0.9500  -0.1926   0.0000   1.8500   0.0940   1.4981   0.1170   0.8092   0.8092   0.0420   0.0000  -0.1601   0.3625    0.448
    73   0.9500  -0.2466   0.0000   1.8500   0.1058   1.4980   0.1166   0.8091   0.8091   0.0421   0.0000  -0.1601   0.3625    0.448
    74   0.9500  -0.3070   0.0000   1.8500   0.1174   1.4978   0.1160   0.8090   0.8090   0.0421   0.0000  -0.1601   0.3625    0.448
    75   0.9500  -0.3735   0.0000   1.8500   0.1287   1.4975   0.1152   0.8088   0.8088   0.0421   0.0000  -0.1601   0.3624    0.448
    76   0.9500  -0.4460   0.0000   1.8500   0.1397   1.4971   0.1141   0.8086   0.8086   0.0421   0.0000  -0.1601   0.3624    0.448
    77   0.9500  -0.5244   0.0000   1.8500   0.1503   1.4966   0.1128   0.8084   0.8084   0.0422   0.0000  -0.1601   0.3623    0.448
    78   0.9500  -0.6085   0.0000   1.8500   0.1606   1.4960   0.1112   0.8080   0.8080   0.0422   0.0000  -0.1601   0.3623    0.448
    79   0.9500  -0.6980   0.0000   1.8500   0.1705   1.4953   0.1093   0.8076   0.8076   0.0423   0.0000  -0.1601   0.3622    0.448
    80   0.9500  -0.7928   0.0000   1.8500   0.1800   1.4944   0.1074   0.8071   0.8071   0.0423   0.0000  -0.1601   0.3621    0.448
    81   0.9500  -0.8926   0.0000   1.8500   0.1891   1.4933   0.1054   0.8066   0.8066   0.0424   0.0000  -0.1602   0.3620    0.449
    82   0.9500  -0.9971   0.0000   1.8500   0.1977   1.4921   0.1036   0.8059   0.8059   0.0425   0.0000  -0.1602   0.3618    0.449
    83   0.9500  -1.1062   0.0000   1.8500   0.2058   1.4906   0.1019   0.8050   0.8050   0.0426   0.0000  -0.1602   0.3616    0.449
    84   0.9500  -1.2196   0.0000   1.8500   0.2134   1.4888   0.1006   0.8041   0.8041   0.0428   0.0000  -0.1602   0.3614    0.449
    85   0.9500  -1.3369   0.0000   1.8500   0.2206   1.4868   0.0995   0.8030   0.8030   0.0429   0.0000  -0.1603   0.3612    0.450
    86   0.9500  -1.4579   0.0000   1.8500   0.2271   1.4846   0.0987   0.8017   0.8017   0.0431   0.0000  -0.1603   0.3609    0.450
    87   0.9500  -1.5824   0.0000   1.8500   0.2332   1.4820   0.0981   0.8003   0.8003   0.0433   0.0000  -0.1604   0.3606    0.450
    88   0.9500  -1.7099   0.0000   1.8500   0.2387   1.4791   0.0978   0.7987   0.7987   0.0435   0.0000  -0.1604   0.3603    0.451
    89   0.9500  -1.8403   0.0000   1.8500   0.2436   1.4758   0.0978   0.7970   0.7970   0.0437   0.0000  -0.1605   0.3599    0.451
    90   0.9500  -1.9732   0.0000   1.8500   0.2479   1.4722   0.0979   0.7950   0.7950   0.0439   0.0000  -0.1605   0.3595    0.452
    91   0.9500  -2.1082   0.0000   1.8500   0.2516   1.4681   0.0982   0.7927   0.7927   0.0442   0.0000  -0.1606   0.3590    0.453
    92   0.9500  -2.2451   0.0000   1.8500   0.2547   1.4636   0.0986   0.7903   0.7903   0.0445   0.0000  -0.1607   0.3585    0.453
    93   0.9500  -2.3835   0.0000   1.8500   0.2572   1.4587   0.0992   0.7875   0.7875   0.0449   0.0000  -0.1607   0.3579    0.454
    94   0.9500  -2.5231   0.0000   1.8500   0.2591   1.4532   0.1000   0.7845   0.7845   0.0452   0.0000  -0.1608   0.3572    0.455
    95   0.9500  -2.6635   0.0000   1.8500   0.2603   1.4472   0.1009   0.7812   0.7812   0.0456   0.0000  -0.1609   0.3565    0.456
    96   0.9500  -2.8044   0.0000   1.8500   0.2610   1.4405   0.1020   0.7776   0.7776   0.0460   0.0000  -0.1609   0.3556    0.457
    97   0.9500  -2.9456   0.0000   1.8500   0.2610   1.4333   0.1034   0.7736   0.7736   0.0464   0.0000  -0.1610   0.3547    0.458
    98   0.9500  -3.0865   0.0000   1.8500   0.2603   1.4252   0.1049   0.7692   0.7692   0.0468   0.0000  -0.1610   0.3536    0.459
    99   0.9500  -3.2269   0.0000   1.8500   0.2591   1.4164   0.1068   0.7644   0.7644   0.0473   0.0000  -0.1611   0.3525    0.461
   100   0.9500  -3.3665   0.0000   1.8500   0.2572   1.4068   0.1090   0.7591   0.7591   0.0478   0.0000  -0.1611   0.3512    0.462
   101   0.9500  -3.5049   0.0000   1.8500   0.2547   1.3961   0.1116   0.7533   0.7533   0.0482   0.0000  -0.1610   0.3497    0.464
   102   0.9500  -3.6418   0.0000   1.8500   0.2516   1.3843   0.1146   0.7469   0.7469   0.0487   0.0000  -0.1609   0.3480    0.465
   103   0.9500  -3.7768   0.0000   1.8500   0.2479   1.3713   0.1182   0.7398   0.7398   0.0492   0.0000  -0.1608   0.3461    0.467
   104   0.9500  -3.9097   0.0000   1.8500   0.2436   1.3570   0.1224   0.7319   0.7319   0.0497   0.0000  -0.1606   0.3439    0.469
   105   0.9500  -4.0401   0.0000   1.8500   0.2387   1.3410   0.1272   0.7232   0.7232   0.0502   0.0000  -0.1602   0.3414    0.472
   106   0.9500  -4.1676   0.0000   1.8500   0.2332   1.3233   0.1327   0.7136   0.7136   0.0506   0.0000  -0.1598   0.3386    0.474
   107   0.9500  -4.2921   0.0000   1.8500   0.2271   1.3036   0.1386   0.7029   0.7029   0.0510   0.0000  -0.1591   0.3353    0.476
   108   0.9500  -4.4131   0.0000   1.8500   0.2206   1.2816   0.1450   0.6909   0.6909   0.0513   0.0000  -0.1583   0.3315    0.479
   109   0.9500  -4.5304   0.0000   1.8500   0.2134   1.2571   0.1514   0.6776   0.6776   0.0515   0.0000  -0.1572   0.3271    0.482
   110   0.9500  -4.6438   0.0000   1.8500   0.2058   1.2299   0.1577   0.6628   0.6628   0.0516   0.0000  -0.1558   0.3220    0.485
   111   0.9500  -4.7529   0.0000   1.8500   0.1977   1.1995   0.1639   0.6463   0.6463   0.0515   0.0000  -0.1540   0.3161    0.488
   112   0.9500  -4.8574   0.0000   1.8500   0.1891   1.1657   0.1698   0.6280   0.6280   0.0513   0.0000  -0.1518   0.3094    0.492
   113   0.9500  -4.9572   0.0000   1.8500   0.1800   1.1282   0.1756   0.6077   0.6077   0.0509   0.0000  -0.1492   0.3016    0.495
   114   0.9500  -5.0520   0.0000   1.8500   0.1705   1.0868   0.1815   0.5853   0.5853   0.0502   0.0000  -0.1459   0.2927    0.499
   115   0.9500  -5.1415   0.0000   1.8500   0.1606   1.0411   0.1874   0.5606   0.5606   0.0493   0.0000  -0.1420   0.2827    0.503
   116   0.9500  -5.2256   0.0000   1.8500   0.1503   0.9910   0.1935   0.5335   0.5335   0.0480   0.0000  -0.1373   0.2712    0.507
   117   0.9500  -5.3040   0.0000   1.8500   0.1397   0.9363   0.1998   0.5040   0.5040   0.0464   0.0000  -0.1318   0.2583    0.512
   118   0.9500  -5.3765   0.0000   1.8500   0.1287   0.8769   0.2063   0.4719   0.4719   0.0444   0.0000  -0.1254   0.2439    0.516
   119   0.9500  -5.4430   0.0000   1.8500   0.1174   0.8126   0.2130   0.4373   0.4373   0.0420   0.0000  -0.1181   0.2279    0.520
   120   0.9500  -5.5034   0.0000   1.8500   0.1058   0.7436   0.2199   0.4000   0.4000   0.0392   0.0000  -0.1098   0.2102    0.524
   121   0.9500  -5.5574   0.0000   1.8500   0.0940   0.6699   0.2269   0.3603   0.3603   0.0359   0.0000  -0.1004   0.1909    0.529
   122   0.9500  -5.6049   0.0000   1.8500   0.0819   0.5916   0.2339   0.3182   0.3182   0.0323   0.0000  -0.0899   0.1699    0.533
   123   0.9500  -5.6459   0.0000   1.8500   0.0696   0.5091   0.2408   0.2738   0.2738   0.0282   0.0000  -0.0784   0.1472    0.536
   124   0.9500  -5.6801   0.0000   1.8500   0.0572   0.4226   0.2474   0.2273   0.2273   0.0237   0.0000  -0.0659   0.1230    0.540
   125   0.9500  -5.7077   0.0000   1.8500   0.0446   0.3327   0.2537   0.1789   0.1789   0.0189   0.0000  -0.0524   0.0974    0.543
   126   0.9500  -5.7284   0.0000   1.8500   0.0320   0.2399   0.2593   0.1290   0.1290   0.0138   0.0000  -0.0381   0.0705    0.545
   127   0.9500  -5.7422   0.0000   1.8500   0.0192   0.1449   0.2634   0.0779   0.0779   0.0084   0.0000  -0.0232   0.0427    0.547
   128   0.9500  -5.7491   0.0000   1.8500   0.0064   0.0485   0.2653   0.0260   0.0260   0.0028   0.0000  -0.0078   0.0143    0.548

  Surface # 3     upper_center                            
     # Chordwise = 12   # Spanwise = 47     First strip =129
     Surface area Ssurf =    7.862500     Ave. chord Cave =    1.850000

 Forces referred to Sref, Cref, Bref about Xref, Yref, Zref
 Standard axis orientation,  X fwd, Z down         
     CLsurf  =   0.17811     Clsurf  =  -0.03206
     CYsurf  =   0.00000     Cmsurf  =  -0.01801
     CDsurf  =   0.01114     Cnsurf  =  -0.00069
     CDisurf =   0.01114     CDvsurf =   0.00000

 Forces referred to Ssurf, Cave 
     CLsurf  =   0.95145     CDsurf  =   0.05951

 Strip Forces referred to Strip Area, Chord
    j     Xle      Yle      Zle      Chord    Area     c_cl     ai     cl_norm    cl       cd       cdv    cm_c/4     cm_LE   C.P.x/c
   129   0.9500   0.0012   1.8500   1.8500   0.0088   1.8527   0.1141   1.0002   1.0002   0.0577   0.0000  -0.2050  -0.4554    0.455
   130   0.9500   0.0107   1.8500   1.8500   0.0263   1.8527   0.1141   1.0002   1.0002   0.0577   0.0000  -0.2050  -0.4554    0.455
   131   0.9500   0.0296   1.8500   1.8500   0.0437   1.8527   0.1141   1.0002   1.0002   0.0577   0.0000  -0.2050  -0.4554    0.455
   132   0.9500   0.0579   1.8500   1.8500   0.0609   1.8527   0.1141   1.0002   1.0002   0.0577   0.0000  -0.2050  -0.4554    0.455
   133   0.9500   0.0954   1.8500   1.8500   0.0778   1.8526   0.1140   1.0002   1.0002   0.0577   0.0000  -0.2050  -0.4553    0.455
   134   0.9500   0.1420   1.8500   1.8500   0.0944   1.8525   0.1139   1.0001   1.0001   0.0577   0.0000  -0.2050  -0.4553    0.455
   135   0.9500   0.1974   1.8500   1.8500   0.1106   1.8523   0.1137   1.0000   1.0000   0.0577   0.0000  -0.2050  -0.4553    0.455
   136   0.9500   0.2615   1.8500   1.8500   0.1263   1.8519   0.1134   0.9998   0.9998   0.0577   0.0000  -0.2050  -0.4552    0.455
   137   0.9500   0.3339   1.8500   1.8500   0.1414   1.8514   0.1130   0.9995   0.9995   0.0577   0.0000  -0.2050  -0.4551    0.455
   138   0.9500   0.4142   1.8500   1.8500   0.1558   1.8507   0.1124   0.9991   0.9991   0.0577   0.0000  -0.2049  -0.4550    0.455
   139   0.9500   0.5022   1.8500   1.8500   0.1696   1.8497   0.1116   0.9986   0.9986   0.0577   0.0000  -0.2049  -0.4549    0.455
   140   0.9500   0.5975   1.8500   1.8500   0.1826   1.8484   0.1107   0.9979   0.9979   0.0578   0.0000  -0.2049  -0.4546    0.455
   141   0.9500   0.6996   1.8500   1.8500   0.1949   1.8468   0.1096   0.9970   0.9970   0.0578   0.0000  -0.2048  -0.4544    0.455
   142   0.9500   0.8080   1.8500   1.8500   0.2062   1.8448   0.1084   0.9959   0.9959   0.0579   0.0000  -0.2047  -0.4540    0.456
   143   0.9500   0.9224   1.8500   1.8500   0.2166   1.8424   0.1072   0.9946   0.9946   0.0579   0.0000  -0.2047  -0.4536    0.456
   144   0.9500   1.0421   1.8500   1.8500   0.2260   1.8395   0.1061   0.9930   0.9930   0.0580   0.0000  -0.2046  -0.4531    0.456
   145   0.9500   1.1666   1.8500   1.8500   0.2345   1.8361   0.1050   0.9912   0.9912   0.0581   0.0000  -0.2044  -0.4526    0.456
   146   0.9500   1.2954   1.8500   1.8500   0.2419   1.8321   0.1041   0.9890   0.9890   0.0582   0.0000  -0.2043  -0.4519    0.457
   147   0.9500   1.4279   1.8500   1.8500   0.2482   1.8275   0.1034   0.9865   0.9865   0.0584   0.0000  -0.2042  -0.4511    0.457
   148   0.9500   1.5636   1.8500   1.8500   0.2534   1.8223   0.1030   0.9836   0.9836   0.0585   0.0000  -0.2040  -0.4502    0.457
   149   0.9500   1.7017   1.8500   1.8500   0.2575   1.8164   0.1027   0.9804   0.9804   0.0586   0.0000  -0.2038  -0.4492    0.458
   150   0.9500   1.8418   1.8500   1.8500   0.2604   1.8098   0.1027   0.9768   0.9768   0.0588   0.0000  -0.2035  -0.4481    0.458
   151   0.9500   1.9831   1.8500   1.8500   0.2621   1.8025   0.1029   0.9729   0.9729   0.0590   0.0000  -0.2033  -0.4469    0.459
   152   0.9500   2.1250   1.8500   1.8500   0.2627   1.7944   0.1033   0.9685   0.9685   0.0592   0.0000  -0.2030  -0.4455    0.460
   153   0.9500   2.2669   1.8500   1.8500   0.2621   1.7856   0.1039   0.9637   0.9637   0.0594   0.0000  -0.2027  -0.4440    0.460
   154   0.9500   2.4082   1.8500   1.8500   0.2604   1.7761   0.1047   0.9585   0.9585   0.0596   0.0000  -0.2023  -0.4423    0.461
   155   0.9500   2.5483   1.8500   1.8500   0.2575   1.7658   0.1056   0.9529   0.9529   0.0598   0.0000  -0.2019  -0.4406    0.462
   156   0.9500   2.6864   1.8500   1.8500   0.2534   1.7548   0.1068   0.9469   0.9469   0.0600   0.0000  -0.2015  -0.4386    0.463
   157   0.9500   2.8221   1.8500   1.8500   0.2482   1.7431   0.1081   0.9405   0.9405   0.0603   0.0000  -0.2011  -0.4366    0.464
   158   0.9500   2.9546   1.8500   1.8500   0.2419   1.7307   0.1096   0.9338   0.9338   0.0605   0.0000  -0.2006  -0.4344    0.465
   159   0.9500   3.0834   1.8500   1.8500   0.2345   1.7176   0.1112   0.9267   0.9267   0.0607   0.0000  -0.2000  -0.4321    0.466
   160   0.9500   3.2079   1.8500   1.8500   0.2260   1.7040   0.1131   0.9192   0.9192   0.0609   0.0000  -0.1994  -0.4297    0.467
   161   0.9500   3.3276   1.8500   1.8500   0.2166   1.6898   0.1151   0.9116   0.9116   0.0611   0.0000  -0.1988  -0.4272    0.468
   162   0.9500   3.4420   1.8500   1.8500   0.2062   1.6753   0.1172   0.9036   0.9036   0.0613   0.0000  -0.1982  -0.4246    0.469
   163   0.9500   3.5504   1.8500   1.8500   0.1949   1.6605   0.1195   0.8956   0.8956   0.0615   0.0000  -0.1975  -0.4219    0.471
   164   0.9500   3.6525   1.8500   1.8500   0.1826   1.6455   0.1219   0.8874   0.8874   0.0617   0.0000  -0.1968  -0.4191    0.472
   165   0.9500   3.7478   1.8500   1.8500   0.1696   1.6305   0.1244   0.8793   0.8793   0.0618   0.0000  -0.1960  -0.4164    0.473
   166   0.9500   3.8358   1.8500   1.8500   0.1558   1.6157   0.1269   0.8713   0.8713   0.0619   0.0000  -0.1953  -0.4136    0.474
   167   0.9500   3.9161   1.8500   1.8500   0.1414   1.6013   0.1293   0.8635   0.8635   0.0620   0.0000  -0.1946  -0.4110    0.475
   168   0.9500   3.9885   1.8500   1.8500   0.1263   1.5876   0.1317   0.8560   0.8560   0.0621   0.0000  -0.1938  -0.4084    0.476
   169   0.9500   4.0526   1.8500   1.8500   0.1106   1.5749   0.1339   0.8491   0.8491   0.0622   0.0000  -0.1932  -0.4060    0.477
   170   0.9500   4.1080   1.8500   1.8500   0.0944   1.5633   0.1359   0.8428   0.8428   0.0622   0.0000  -0.1925  -0.4038    0.478
   171   0.9500   4.1546   1.8500   1.8500   0.0778   1.5531   0.1376   0.8373   0.8373   0.0622   0.0000  -0.1919  -0.4018    0.479
   172   0.9500   4.1921   1.8500   1.8500   0.0609   1.5446   0.1390   0.8327   0.8327   0.0622   0.0000  -0.1914  -0.4002    0.480
   173   0.9500   4.2204   1.8500   1.8500   0.0437   1.5380   0.1402   0.8291   0.8291   0.0622   0.0000  -0.1911  -0.3989    0.480
   174   0.9500   4.2393   1.8500   1.8500   0.0263   1.5335   0.1409   0.8266   0.8266   0.0622   0.0000  -0.1908  -0.3980    0.481
   175   0.9500   4.2488   1.8500   1.8500   0.0088   1.5311   0.1413   0.8254   0.8254   0.0622   0.0000  -0.1907  -0.3976    0.481

  Surface # 4     upper_center (YDUP)                     
     # Chordwise = 12   # Spanwise = 47     First strip =176
     Surface area Ssurf =    7.862500     Ave. chord Cave =    1.850000

 Forces referred to Sref, Cref, Bref about Xref, Yref, Zref
 Standard axis orientation,  X fwd, Z down         
     CLsurf  =   0.17811     Clsurf  =   0.03206
     CYsurf  =  -0.00000     Cmsurf  =  -0.01801
     CDsurf  =   0.01114     Cnsurf  =   0.00069
     CDisurf =   0.01114     CDvsurf =   0.00000

 Forces referred to Ssurf, Cave 
     CLsurf  =   0.95145     CDsurf  =   0.05951

 Strip Forces referred to Strip Area, Chord
    j     Xle      Yle      Zle      Chord    Area     c_cl     ai     cl_norm    cl       cd       cdv    cm_c/4     cm_LE   C.P.x/c
   176   0.9500  -0.0012   1.8500   1.8500   0.0088   1.8527   0.1141   1.0002   1.0002   0.0577   0.0000  -0.2050   0.4554    0.455
   177   0.9500  -0.0107   1.8500   1.8500   0.0263   1.8527   0.1141   1.0002   1.0002   0.0577   0.0000  -0.2050   0.4554    0.455
   178   0.9500  -0.0296   1.8500   1.8500   0.0437   1.8527   0.1141   1.0002   1.0002   0.0577   0.0000  -0.2050   0.4554    0.455
   179   0.9500  -0.0579   1.8500   1.8500   0.0609   1.8527   0.1141   1.0002   1.0002   0.0577   0.0000  -0.2050   0.4554    0.455
   180   0.9500  -0.0954   1.8500   1.8500   0.0778   1.8526   0.1140   1.0002   1.0002   0.0577   0.0000  -0.2050   0.4553    0.455
   181   0.9500  -0.1420   1.8500   1.8500   0.0944   1.8525   0.1139   1.0001   1.0001   0.0577   0.0000  -0.2050   0.4553    0.455
   182   0.9500  -0.1974   1.8500   1.8500   0.1106   1.8523   0.1137   1.0000   1.0000   0.0577   0.0000  -0.2050   0.4553    0.455
   183   0.9500  -0.2615   1.8500   1.8500   0.1263   1.8519   0.1134   0.9998   0.9998   0.0577   0.0000  -0.2050   0.4552    0.455
   184   0.9500  -0.3339   1.8500   1.8500   0.1414   1.8514   0.1130   0.9995   0.9995   0.0577   0.0000  -0.2050   0.4551    0.455
   185   0.9500  -0.4142   1.8500   1.8500   0.1558   1.8507   0.1124   0.9991   0.9991   0.0577   0.0000  -0.2049   0.4550    0.455
   186   0.9500  -0.5022   1.8500   1.8500   0.1696   1.8497   0.1116   0.9986   0.9986   0.0577   0.0000  -0.2049   0.4549    0.455
   187   0.9500  -0.5975   1.8500   1.8500   0.1826   1.8484   0.1107   0.9979   0.9979   0.0578   0.0000  -0.2049   0.4546    0.455
   188   0.9500  -0.6996   1.8500   1.8500   0.1949   1.8468   0.1096   0.9970   0.9970   0.0578   0.0000  -0.2048   0.4544    0.455
   189   0.9500  -0.8080   1.8500   1.8500   0.2062   1.8448   0.1084   0.9959   0.9959   0.0579   0.0000  -0.2047   0.4540    0.456
   190   0.9500  -0.9224   1.8500   1.8500   0.2166   1.8424   0.1072   0.9946   0.9946   0.0579   0.0000  -0.2047   0.4536    0.456
   191   0.9500  -1.0421   1.8500   1.8500   0.2260   1.8395   0.1061   0.9930   0.9930   0.0580   0.0000  -0.2046   0.4531    0.456
   192   0.9500  -1.1666   1.8500   1.8500   0.2345   1.8361   0.1050   0.9912   0.9912   0.0581   0.0000  -0.2044   0.4526    0.456
   193   0.9500  -1.2954   1.8500   1.8500   0.2419   1.8321   0.1041   0.9890   0.9890   0.0582   0.0000  -0.2043   0.4519    0.457
   194   0.9500  -1.4279   1.8500   1.8500   0.2482   1.8275   0.1034   0.9865   0.9865   0.0584   0.0000  -0.2042   0.4511    0.457
   195   0.9500  -1.5636   1.8500   1.8500   0.2534   1.8223   0.1030   0.9836   0.9836   0.0585   0.0000  -0.2040   0.4502    0.457
   196   0.9500  -1.7017   1.8500   1.8500   0.2575   1.8164   0.1027   0.9804   0.9804   0.0586   0.0000  -0.2038   0.4492    0.458
   197   0.9500  -1.8418   1.8500   1.8500   0.2604   1.8098   0.1027   0.9768   0.9768   0.0588   0.0000  -0.2035   0.4481    0.458
   198   0.9500  -1.9831   1.8500   1.8500   0.2621   1.8025   0.1029   0.9729   0.9729   0.0590   0.0000  -0.2033   0.4469    0.459
   199   0.9500  -2.1250   1.8500   1.8500   0.2627   1.7944   0.1033   0.9685   0.9685   0.0592   0.0000  -0.2030   0.4455    0.460
   200   0.9500  -2.2669   1.8500   1.8500   0.2621   1.7856   0.1039   0.9637   0.9637   0.0594   0.0000  -0.2027   0.4440    0.460
   201   0.9500  -2.4082   1.8500   1.8500   0.2604   1.7761   0.1047   0.9585   0.9585   0.0596   0.0000  -0.2023   0.4423    0.461
   202   0.9500  -2.5483   1.8500   1.8500   0.2575   1.7658   0.1056   0.9529   0.9529   0.0598   0.0000  -0.2019   0.4406    0.462
   203   0.9500  -2.6864   1.8500   1.8500   0.2534   1.7548   0.1068   0.9469   0.9469   0.0600   0.0000  -0.2015   0.4386    0.463
   204   0.9500  -2.8221   1.8500   1.8500   0.2482   1.7431   0.1081   0.9405   0.9405   0.0603   0.0000  -0.2011   0.4366    0.464
   205   0.9500  -2.9546   1.8500   1.8500   0.2419   1.7307   0.1096   0.9338   0.9338   0.0605   0.0000  -0.2006   0.4344    0.465
   206   0.9500  -3.0834   1.8500   1.8500   0.2345   1.7176   0.1112   0.9267   0.9267   0.0607   0.0000  -0.2000   0.4321    0.466
   207   0.9500  -3.2079   1.8500   1.8500   0.2260   1.7040   0.1131   0.9192   0.9192   0.0609   0.0000  -0.1994   0.4297    0.467
   208   0.9500  -3.3276   1.8500   1.8500   0.2166   1.6898   0.1151   0.9116   0.9116   0.0611   0.0000  -0.1988   0.4272    0.468
   209   0.9500  -3.4420   1.8500   1.8500   0.2062   1.6753   0.1172   0.9036   0.9036   0.0613   0.0000  -0.1982   0.4246    0.469
   210   0.9500  -3.5504   1.8500   1.8500   0.1949   1.6605   0.1195   0.8956   0.8956   0.0615   0.0000  -0.1975   0.4219    0.471
   211   0.9500  -3.6525   1.8500   1.8500   0.1826   1.6455   0.1219   0.8874   0.8874   0.0617   0.0000  -0.1968   0.4191    0.472
   212   0.9500  -3.7478   1.8500   1.8500   0.1696   1.6305   0.1244   0.8793   0.8793   0.0618   0.0000  -0.1960   0.4164    0.473
   213   0.9500  -3.8358   1.8500   1.8500   0.1558   1.6157   0.1269   0.8713   0.8713   0.0619   0.0000  -0.1953   0.4136    0.474
   214   0.9500  -3.9161   1.8500   1.8500   0.1414   1.6013   0.1293   0.8635   0.8635   0.0620   0.0000  -0.1946   0.4110    0.475
   215   0.9500  -3.9885   1.8500   1.8500   0.1263   1.5876   0.1317   0.8560   0.8560   0.0621   0.0000  -0.1938   0.4084    0.476
   216   0.9500  -4.0526   1.8500   1.8500   0.1106   1.5749   0.1339   0.8491   0.8491   0.0622   0.0000  -0.1932   0.4060    0.477
   217   0.9500  -4.1080   1.8500   1.8500   0.0944   1.5633   0.1359   0.8428   0.8428   0.0622   0.0000  -0.1925   0.4038    0.478
   218   0.9500  -4.1546   1.8500   1.8500   0.0778   1.5531   0.1376   0.8373   0.8373   0.0622   0.0000  -0.1919   0.4018    0.479
   219   0.9500  -4.1921   1.8500   1.8500   0.0609   1.5446   0.1390   0.8327   0.8327   0.0622   0.0000  -0.1914   0.4002    0.480
   220   0.9500  -4.2204   1.8500   1.8500   0.0437   1.5380   0.1402   0.8291   0.8291   0.0622   0.0000  -0.1911   0.3989    0.480
   221   0.9500  -4.2393   1.8500   1.8500   0.0263   1.5335   0.1409   0.8266   0.8266   0.0622   0.0000  -0.1908   0.3980    0.481
   222   0.9500  -4.2488   1.8500   1.8500   0.0088   1.5311   0.1413   0.8254   0.8254   0.0622   0.0000  -0.1907   0.3976    0.481

  Surface # 5     upper_tip_pair                          
     # Chordwise = 12   # Spanwise = 17     First strip =223
     Surface area Ssurf =    2.775000     Ave. chord Cave =    1.850000

 Forces referred to Sref, Cref, Bref about Xref, Yref, Zref
 Standard axis orientation,  X fwd, Z down         
     CLsurf  =   0.04134     Clsurf  =  -0.01763
     CYsurf  =   0.00000     Cmsurf  =  -0.00521
     CDsurf  =   0.00356     Cnsurf  =  -0.00000
     CDisurf =   0.00356     CDvsurf =   0.00000

 Forces referred to Ssurf, Cave 
     CLsurf  =   0.62564     CDsurf  =   0.05382

 Strip Forces referred to Strip Area, Chord
    j     Xle      Yle      Zle      Chord    Area     c_cl     ai     cl_norm    cl       cd       cdv    cm_c/4     cm_LE   C.P.x/c
   223   0.9500   4.2532   1.8500   1.8500   0.0236   1.5305   0.1415   0.8250   0.8250   0.0622   0.0000  -0.1906  -0.3974    0.481
   224   0.9500   4.2786   1.8500   1.8500   0.0701   1.5243   0.1425   0.8216   0.8216   0.0622   0.0000  -0.1902  -0.3962    0.482
   225   0.9500   4.3286   1.8500   1.8500   0.1141   1.5117   0.1446   0.8148   0.8148   0.0622   0.0000  -0.1895  -0.3938    0.483
   226   0.9500   4.4015   1.8500   1.8500   0.1543   1.4922   0.1478   0.8042   0.8042   0.0621   0.0000  -0.1883  -0.3899    0.484
   227   0.9500   4.4947   1.8500   1.8500   0.1892   1.4652   0.1520   0.7896   0.7896   0.0620   0.0000  -0.1865  -0.3845    0.486
   228   0.9500   4.6052   1.8500   1.8500   0.2177   1.4299   0.1573   0.7705   0.7705   0.0617   0.0000  -0.1841  -0.3773    0.489
   229   0.9500   4.7291   1.8500   1.8500   0.2388   1.3850   0.1635   0.7461   0.7461   0.0612   0.0000  -0.1809  -0.3680    0.492
   230   0.9500   4.8622   1.8500   1.8500   0.2517   1.3291   0.1707   0.7159   0.7159   0.0604   0.0000  -0.1765  -0.3561    0.497
   231   0.9500   5.0000   1.8500   1.8500   0.2560   1.2605   0.1789   0.6788   0.6788   0.0591   0.0000  -0.1707  -0.3411    0.502
   232   0.9500   5.1378   1.8500   1.8500   0.2517   1.1774   0.1882   0.6339   0.6339   0.0570   0.0000  -0.1631  -0.3222    0.507
   233   0.9500   5.2709   1.8500   1.8500   0.2388   1.0779   0.1986   0.5801   0.5801   0.0540   0.0000  -0.1530  -0.2987    0.514
   234   0.9500   5.3948   1.8500   1.8500   0.2177   0.9603   0.2103   0.5167   0.5167   0.0498   0.0000  -0.1399  -0.2697    0.521
   235   0.9500   5.5053   1.8500   1.8500   0.1892   0.8236   0.2230   0.4430   0.4430   0.0442   0.0000  -0.1233  -0.2346    0.528
   236   0.9500   5.5985   1.8500   1.8500   0.1543   0.6675   0.2363   0.3590   0.3590   0.0369   0.0000  -0.1026  -0.1928    0.536
   237   0.9500   5.6714   1.8500   1.8500   0.1141   0.4931   0.2496   0.2651   0.2651   0.0280   0.0000  -0.0776  -0.1442    0.543
   238   0.9500   5.7214   1.8500   1.8500   0.0701   0.3032   0.2618   0.1630   0.1630   0.0176   0.0000  -0.0486  -0.0896    0.548
   239   0.9500   5.7468   1.8500   1.8500   0.0236   0.1024   0.2695   0.0550   0.0550   0.0060   0.0000  -0.0166  -0.0304    0.551

  Surface # 6     upper_tip_pair (YDUP)                   
     # Chordwise = 12   # Spanwise = 17     First strip =240
     Surface area Ssurf =    2.775000     Ave. chord Cave =    1.850000

 Forces referred to Sref, Cref, Bref about Xref, Yref, Zref
 Standard axis orientation,  X fwd, Z down         
     CLsurf  =   0.04134     Clsurf  =   0.01763
     CYsurf  =  -0.00000     Cmsurf  =  -0.00521
     CDsurf  =   0.00356     Cnsurf  =   0.00000
     CDisurf =   0.00356     CDvsurf =   0.00000

 Forces referred to Ssurf, Cave 
     CLsurf  =   0.62564     CDsurf  =   0.05382

 Strip Forces referred to Strip Area, Chord
    j     Xle      Yle      Zle      Chord    Area     c_cl     ai     cl_norm    cl       cd       cdv    cm_c/4     cm_LE   C.P.x/c
   240   0.9500  -4.2532   1.8500   1.8500   0.0236   1.5305   0.1415   0.8250   0.8250   0.0622   0.0000  -0.1906   0.3974    0.481
   241   0.9500  -4.2786   1.8500   1.8500   0.0701   1.5243   0.1425   0.8216   0.8216   0.0622   0.0000  -0.1902   0.3962    0.482
   242   0.9500  -4.3286   1.8500   1.8500   0.1141   1.5117   0.1446   0.8148   0.8148   0.0622   0.0000  -0.1895   0.3938    0.483
   243   0.9500  -4.4015   1.8500   1.8500   0.1543   1.4922   0.1478   0.8042   0.8042   0.0621   0.0000  -0.1883   0.3899    0.484
   244   0.9500  -4.4947   1.8500   1.8500   0.1892   1.4652   0.1520   0.7896   0.7896   0.0620   0.0000  -0.1865   0.3845    0.486
   245   0.9500  -4.6052   1.8500   1.8500   0.2177   1.4299   0.1573   0.7705   0.7705   0.0617   0.0000  -0.1841   0.3773    0.489
   246   0.9500  -4.7291   1.8500   1.8500   0.2388   1.3850   0.1635   0.7461   0.7461   0.0612   0.0000  -0.1809   0.3680    0.492
   247   0.9500  -4.8622   1.8500   1.8500   0.2517   1.3291   0.1707   0.7159   0.7159   0.0604   0.0000  -0.1765   0.3561    0.497
   248   0.9500  -5.0000   1.8500   1.8500   0.2560   1.2605   0.1789   0.6788   0.6788   0.0591   0.0000  -0.1707   0.3411    0.502
   249   0.9500  -5.1378   1.8500   1.8500   0.2517   1.1774   0.1882   0.6339   0.6339   0.0570   0.0000  -0.1631   0.3222    0.507
   250   0.9500  -5.2709   1.8500   1.8500   0.2388   1.0779   0.1986   0.5801   0.5801   0.0540   0.0000  -0.1530   0.2987    0.514
   251   0.9500  -5.3948   1.8500   1.8500   0.2177   0.9603   0.2103   0.5167   0.5167   0.0498   0.0000  -0.1399   0.2697    0.521
   252   0.9500  -5.5053   1.8500   1.8500   0.1892   0.8236   0.2230   0.4430   0.4430   0.0442   0.0000  -0.1233   0.2346    0.528
   253   0.9500  -5.5985   1.8500   1.8500   0.1543   0.6675   0.2363   0.3590   0.3590   0.0369   0.0000  -0.1026   0.1928    0.536
   254   0.9500  -5.6714   1.8500   1.8500   0.1141   0.4931   0.2496   0.2651   0.2651   0.0280   0.0000  -0.0776   0.1442    0.543
   255   0.9500  -5.7214   1.8500   1.8500   0.0701   0.3032   0.2618   0.1630   0.1630   0.0176   0.0000  -0.0486   0.0896    0.548
   256   0.9500  -5.7468   1.8500   1.8500   0.0236   0.1024   0.2695   0.0550   0.0550   0.0060   0.0000  -0.0166   0.0304    0.551

  Surface # 7     tail_halves                             
     # Chordwise = 12   # Spanwise = 32     First strip =257
     Surface area Ssurf =    4.025000     Ave. chord Cave =    1.000000

 Forces referred to Sref, Cref, Bref about Xref, Yref, Zref
 Standard axis orientation,  X fwd, Z down         
     CLsurf  =  -0.01736     Clsurf  =   0.00398
     CYsurf  =  -0.00000     Cmsurf  =   0.03757
     CDsurf  =  -0.00234     Cnsurf  =  -0.00019
     CDisurf =  -0.00234     CDvsurf =   0.00000

 Forces referred to Ssurf, Cave 
     CLsurf  =  -0.18114     CDsurf  =  -0.02443

 Strip Forces referred to Strip Area, Chord
    j     Xle      Yle      Zle      Chord    Area     c_cl     ai     cl_norm    cl       cd       cdv    cm_c/4     cm_LE   C.P.x/c
   257   5.4000   0.5524   0.7750   1.0000   0.0097  -0.0120   0.0792  -0.0119  -0.0119  -0.0014   0.0000  -0.0013   0.0017    0.143
   258   5.4000   0.5718   0.7750   1.0000   0.0290  -0.0357   0.0795  -0.0355  -0.0355  -0.0042   0.0000  -0.0036   0.0053    0.148
   259   5.4000   0.6103   0.7750   1.0000   0.0480  -0.0588   0.0800  -0.0584  -0.0584  -0.0072   0.0000  -0.0055   0.0092    0.156
   260   5.4000   0.6676   0.7750   1.0000   0.0665  -0.0807   0.0807  -0.0802  -0.0802  -0.0100   0.0000  -0.0067   0.0135    0.166
   261   5.4000   0.7432   0.7750   1.0000   0.0844  -0.1012   0.0816  -0.1005  -0.1005  -0.0127   0.0000  -0.0074   0.0179    0.176
   262   5.4000   0.8363   0.7750   1.0000   0.1015  -0.1201   0.0827  -0.1192  -0.1192  -0.0152   0.0000  -0.0076   0.0224    0.186
   263   5.4000   0.9460   0.7750   1.0000   0.1176  -0.1371   0.0839  -0.1361  -0.1361  -0.0175   0.0000  -0.0075   0.0268    0.195
   264   5.4000   1.0713   0.7750   1.0000   0.1326  -0.1523   0.0853  -0.1512  -0.1512  -0.0196   0.0000  -0.0072   0.0309    0.203
   265   5.4000   1.2110   0.7750   1.0000   0.1463  -0.1657   0.0868  -0.1645  -0.1645  -0.0215   0.0000  -0.0068   0.0347    0.209
   266   5.4000   1.3637   0.7750   1.0000   0.1586  -0.1774   0.0883  -0.1761  -0.1761  -0.0232   0.0000  -0.0064   0.0380    0.214
   267   5.4000   1.5279   0.7750   1.0000   0.1694  -0.1877   0.0896  -0.1862  -0.1862  -0.0247   0.0000  -0.0060   0.0409    0.218
   268   5.4000   1.7020   0.7750   1.0000   0.1785  -0.1966   0.0909  -0.1951  -0.1951  -0.0261   0.0000  -0.0057   0.0435    0.221
   269   5.4000   1.8845   0.7750   1.0000   0.1860  -0.2043   0.0921  -0.2027  -0.2027  -0.0272   0.0000  -0.0055   0.0456    0.223
   270   5.4000   2.0735   0.7750   1.0000   0.1916  -0.2110   0.0931  -0.2093  -0.2093  -0.0283   0.0000  -0.0053   0.0474    0.225
   271   5.4000   2.2672   0.7750   1.0000   0.1954  -0.2165   0.0939  -0.2148  -0.2148  -0.0292   0.0000  -0.0052   0.0489    0.226
   272   5.4000   2.4638   0.7750   1.0000   0.1973  -0.2210   0.0945  -0.2193  -0.2193  -0.0300   0.0000  -0.0052   0.0500    0.226
   273   5.4000   2.6612   0.7750   1.0000   0.1973  -0.2243   0.0949  -0.2225  -0.2225  -0.0306   0.0000  -0.0053   0.0508    0.226
   274   5.4000   2.8578   0.7750   1.0000   0.1954  -0.2262   0.0951  -0.2243  -0.2243  -0.0309   0.0000  -0.0055   0.0511    0.226
   275   5.4000   3.0515   0.7750   1.0000   0.1916  -0.2264   0.0950  -0.2245  -0.2245  -0.0311   0.0000  -0.0057   0.0509    0.225
   276   5.4000   3.2405   0.7750   1.0000   0.1860  -0.2246   0.0947  -0.2227  -0.2227  -0.0309   0.0000  -0.0060   0.0502    0.223
   277   5.4000   3.4230   0.7750   1.0000   0.1785  -0.2204   0.0940  -0.2187  -0.2187  -0.0303   0.0000  -0.0063   0.0488    0.221
   278   5.4000   3.5971   0.7750   1.0000   0.1694  -0.2137   0.0931  -0.2119  -0.2119  -0.0293   0.0000  -0.0067   0.0467    0.218
   279   5.4000   3.7613   0.7750   1.0000   0.1586  -0.2040   0.0920  -0.2024  -0.2024  -0.0278   0.0000  -0.0071   0.0439    0.215
   280   5.4000   3.9140   0.7750   1.0000   0.1463  -0.1913   0.0907  -0.1898  -0.1898  -0.0259   0.0000  -0.0075   0.0403    0.210
   281   5.4000   4.0537   0.7750   1.0000   0.1326  -0.1756   0.0893  -0.1742  -0.1742  -0.0235   0.0000  -0.0078   0.0361    0.205
   282   5.4000   4.1790   0.7750   1.0000   0.1176  -0.1570   0.0879  -0.1558  -0.1558  -0.0207   0.0000  -0.0080   0.0313    0.199
   283   5.4000   4.2887   0.7750   1.0000   0.1015  -0.1361   0.0866  -0.1351  -0.1351  -0.0176   0.0000  -0.0079   0.0262    0.192
   284   5.4000   4.3818   0.7750   1.0000   0.0844  -0.1133   0.0854  -0.1124  -0.1124  -0.0144   0.0000  -0.0074   0.0209    0.184
   285   5.4000   4.4574   0.7750   1.0000   0.0665  -0.0891   0.0844  -0.0885  -0.0885  -0.0111   0.0000  -0.0066   0.0157    0.176
   286   5.4000   4.5147   0.7750   1.0000   0.0480  -0.0640   0.0835  -0.0636  -0.0636  -0.0077   0.0000  -0.0052   0.0108    0.168
   287   5.4000   4.5532   0.7750   1.0000   0.0290  -0.0386   0.0830  -0.0383  -0.0383  -0.0045   0.0000  -0.0034   0.0062    0.161
   288   5.4000   4.5726   0.7750   1.0000   0.0097  -0.0129   0.0826  -0.0128  -0.0128  -0.0015   0.0000  -0.0012   0.0020    0.157

  Surface # 8     tail_halves (YDUP)                      
     # Chordwise = 12   # Spanwise = 32     First strip =289
     Surface area Ssurf =    4.025000     Ave. chord Cave =    1.000000

 Forces referred to Sref, Cref, Bref about Xref, Yref, Zref
 Standard axis orientation,  X fwd, Z down         
     CLsurf  =  -0.01736     Clsurf  =  -0.00398
     CYsurf  =   0.00000     Cmsurf  =   0.03757
     CDsurf  =  -0.00234     Cnsurf  =   0.00019
     CDisurf =  -0.00234     CDvsurf =   0.00000

 Forces referred to Ssurf, Cave 
     CLsurf  =  -0.18114     CDsurf  =  -0.02443

 Strip Forces referred to Strip Area, Chord
    j     Xle      Yle      Zle      Chord    Area     c_cl     ai     cl_norm    cl       cd       cdv    cm_c/4     cm_LE   C.P.x/c
   289   5.4000  -0.5524   0.7750   1.0000   0.0097  -0.0120   0.0792  -0.0119  -0.0119  -0.0014   0.0000  -0.0013  -0.0017    0.143
   290   5.4000  -0.5718   0.7750   1.0000   0.0290  -0.0357   0.0795  -0.0355  -0.0355  -0.0042   0.0000  -0.0036  -0.0053    0.148
   291   5.4000  -0.6103   0.7750   1.0000   0.0480  -0.0588   0.0800  -0.0584  -0.0584  -0.0072   0.0000  -0.0055  -0.0092    0.156
   292   5.4000  -0.6676   0.7750   1.0000   0.0665  -0.0807   0.0807  -0.0802  -0.0802  -0.0100   0.0000  -0.0067  -0.0135    0.166
   293   5.4000  -0.7432   0.7750   1.0000   0.0844  -0.1012   0.0816  -0.1005  -0.1005  -0.0127   0.0000  -0.0074  -0.0179    0.176
   294   5.4000  -0.8363   0.7750   1.0000   0.1015  -0.1201   0.0827  -0.1192  -0.1192  -0.0152   0.0000  -0.0076  -0.0224    0.186
   295   5.4000  -0.9460   0.7750   1.0000   0.1176  -0.1371   0.0839  -0.1361  -0.1361  -0.0175   0.0000  -0.0075  -0.0268    0.195
   296   5.4000  -1.0713   0.7750   1.0000   0.1326  -0.1523   0.0853  -0.1512  -0.1512  -0.0196   0.0000  -0.0072  -0.0309    0.203
   297   5.4000  -1.2110   0.7750   1.0000   0.1463  -0.1657   0.0868  -0.1645  -0.1645  -0.0215   0.0000  -0.0068  -0.0347    0.209
   298   5.4000  -1.3637   0.7750   1.0000   0.1586  -0.1774   0.0883  -0.1761  -0.1761  -0.0232   0.0000  -0.0064  -0.0380    0.214
   299   5.4000  -1.5279   0.7750   1.0000   0.1694  -0.1877   0.0896  -0.1862  -0.1862  -0.0247   0.0000  -0.0060  -0.0409    0.218
   300   5.4000  -1.7020   0.7750   1.0000   0.1785  -0.1966   0.0909  -0.1951  -0.1951  -0.0261   0.0000  -0.0057  -0.0435    0.221
   301   5.4000  -1.8845   0.7750   1.0000   0.1860  -0.2043   0.0921  -0.2027  -0.2027  -0.0272   0.0000  -0.0055  -0.0456    0.223
   302   5.4000  -2.0735   0.7750   1.0000   0.1916  -0.2110   0.0931  -0.2093  -0.2093  -0.0283   0.0000  -0.0053  -0.0474    0.225
   303   5.4000  -2.2672   0.7750   1.0000   0.1954  -0.2165   0.0939  -0.2148  -0.2148  -0.0292   0.0000  -0.0052  -0.0489    0.226
   304   5.4000  -2.4638   0.7750   1.0000   0.1973  -0.2210   0.0945  -0.2193  -0.2193  -0.0300   0.0000  -0.0052  -0.0500    0.226
   305   5.4000  -2.6612   0.7750   1.0000   0.1973  -0.2243   0.0949  -0.2225  -0.2225  -0.0306   0.0000  -0.0053  -0.0508    0.226
   306   5.4000  -2.8578   0.7750   1.0000   0.1954  -0.2262   0.0951  -0.2243  -0.2243  -0.0309   0.0000  -0.0055  -0.0511    0.226
   307   5.4000  -3.0515   0.7750   1.0000   0.1916  -0.2264   0.0950  -0.2245  -0.2245  -0.0311   0.0000  -0.0057  -0.0509    0.225
   308   5.4000  -3.2405   0.7750   1.0000   0.1860  -0.2246   0.0947  -0.2227  -0.2227  -0.0309   0.0000  -0.0060  -0.0502    0.223
   309   5.4000  -3.4230   0.7750   1.0000   0.1785  -0.2204   0.0940  -0.2187  -0.2187  -0.0303   0.0000  -0.0063  -0.0488    0.221
   310   5.4000  -3.5971   0.7750   1.0000   0.1694  -0.2137   0.0931  -0.2119  -0.2119  -0.0293   0.0000  -0.0067  -0.0467    0.218
   311   5.4000  -3.7613   0.7750   1.0000   0.1586  -0.2040   0.0920  -0.2024  -0.2024  -0.0278   0.0000  -0.0071  -0.0439    0.215
   312   5.4000  -3.9140   0.7750   1.0000   0.1463  -0.1913   0.0907  -0.1898  -0.1898  -0.0259   0.0000  -0.0075  -0.0403    0.210
   313   5.4000  -4.0537   0.7750   1.0000   0.1326  -0.1756   0.0893  -0.1742  -0.1742  -0.0235   0.0000  -0.0078  -0.0361    0.205
   314   5.4000  -4.1790   0.7750   1.0000   0.1176  -0.1570   0.0879  -0.1558  -0.1558  -0.0207   0.0000  -0.0080  -0.0313    0.199
   315   5.4000  -4.2887   0.7750   1.0000   0.1015  -0.1361   0.0866  -0.1351  -0.1351  -0.0176   0.0000  -0.0079  -0.0262    0.192
   316   5.4000  -4.3818   0.7750   1.0000   0.0844  -0.1133   0.0854  -0.1124  -0.1124  -0.0144   0.0000  -0.0074  -0.0209    0.184
   317   5.4000  -4.4574   0.7750   1.0000   0.0665  -0.0891   0.0844  -0.0885  -0.0885  -0.0111   0.0000  -0.0066  -0.0157    0.176
   318   5.4000  -4.5147   0.7750   1.0000   0.0480  -0.0640   0.0835  -0.0636  -0.0636  -0.0077   0.0000  -0.0052  -0.0108    0.168
   319   5.4000  -4.5532   0.7750   1.0000   0.0290  -0.0386   0.0830  -0.0383  -0.0383  -0.0045   0.0000  -0.0034  -0.0062    0.161
   320   5.4000  -4.5726   0.7750   1.0000   0.0097  -0.0129   0.0826  -0.0128  -0.0128  -0.0015   0.0000  -0.0012  -0.0020    0.157

  Surface # 9     fin_fixed                               
     # Chordwise = 12   # Spanwise = 24     First strip =321
     Surface area Ssurf =    0.720000     Ave. chord Cave =    1.200000

 Forces referred to Sref, Cref, Bref about Xref, Yref, Zref
 Standard axis orientation,  X fwd, Z down         
     CLsurf  =  -0.00000     Clsurf  =   0.00000
     CYsurf  =   0.00000     Cmsurf  =   0.00000
     CDsurf  =   0.00000     Cnsurf  =  -0.00000
     CDisurf =   0.00000     CDvsurf =   0.00000

 Forces referred to Ssurf, Cave 
     CLsurf  =   0.00000     CDsurf  =   0.00000

 Strip Forces referred to Strip Area, Chord
    j     Xle      Yle      Zle      Chord    Area     c_cl     ai     cl_norm    cl       cd       cdv    cm_c/4     cm_LE   C.P.x/c
   321   5.4000   0.0000   1.7994   1.2000   0.0031   0.0000  -0.0000   0.0000   0.0000   0.0000   0.0000   0.0000   0.0000  999.000
   322   5.4000   0.0000   1.7942   1.2000   0.0092  -0.0000  -0.0000  -0.0000  -0.0000   0.0000   0.0000   0.0000   0.0000    0.845
   323   5.4000   0.0000   1.7841   1.2000   0.0151  -0.0000   0.0000  -0.0000  -0.0000   0.0000   0.0000   0.0000   0.0000    0.493
   324   5.4000   0.0000   1.7691   1.2000   0.0208  -0.0000  -0.0000  -0.0000  -0.0000  -0.0000   0.0000  -0.0000   0.0000    0.070
   325   5.4000   0.0000   1.7494   1.2000   0.0262  -0.0000  -0.0000  -0.0000  -0.0000   0.0000   0.0000  -0.0000  -0.0000  999.000
   326   5.4000   0.0000   1.7256   1.2000   0.0310  -0.0000  -0.0000  -0.0000  -0.0000   0.0000   0.0000  -0.0000  -0.0000   -0.711
   327   5.4000   0.0000   1.6978   1.2000   0.0354   0.0000   0.0000   0.0000   0.0000  -0.0000   0.0000  -0.0000  -0.0000  999.000
   328   5.4000   0.0000   1.6667   1.2000   0.0392  -0.0000   0.0000  -0.0000  -0.0000   0.0000   0.0000  -0.0000  -0.0000  999.000
   329   5.4000   0.0000   1.6327   1.2000   0.0422   0.0000   0.0000   0.0000   0.0000   0.0000   0.0000  -0.0000  -0.0000  999.000
   330   5.4000   0.0000   1.5964   1.2000   0.0446   0.0000  -0.0000   0.0000   0.0000   0.0000   0.0000  -0.0000  -0.0000    1.018
   331   5.4000   0.0000   1.5585   1.2000   0.0462   0.0000  -0.0000   0.0000   0.0000   0.0000   0.0000  -0.0000  -0.0000    0.495
   332   5.4000   0.0000   1.5196   1.2000   0.0470   0.0000   0.0000   0.0000   0.0000   0.0000   0.0000  -0.0000  -0.0000    0.318
   333   5.4000   0.0000   1.4804   1.2000   0.0470   0.0000   0.0000   0.0000   0.0000  -0.0000   0.0000   0.0000  -0.0000    0.217
   334   5.4000   0.0000   1.4415   1.2000   0.0462   0.0000   0.0000   0.0000   0.0000  -0.0000   0.0000   0.0000  -0.0000    0.209
   335   5.4000   0.0000   1.4036   1.2000   0.0446   0.0000   0.0000   0.0000   0.0000   0.0000   0.0000   0.0000  -0.0000    0.236
   336   5.4000   0.0000   1.3673   1.2000   0.0422   0.0000  -0.0000   0.0000   0.0000   0.0000   0.0000  -0.0000  -0.0000    0.272
   337   5.4000   0.0000   1.3333   1.2000   0.0392   0.0000  -0.0000   0.0000   0.0000   0.0000   0.0000  -0.0000  -0.0000    0.315
   338   5.4000   0.0000   1.3022   1.2000   0.0354   0.0000   0.0000   0.0000   0.0000  -0.0000   0.0000  -0.0000  -0.0000    0.404
   339   5.4000   0.0000   1.2744   1.2000   0.0310   0.0000  -0.0000   0.0000   0.0000   0.0000   0.0000  -0.0000  -0.0000    0.445
   340   5.4000   0.0000   1.2506   1.2000   0.0262   0.0000  -0.0000   0.0000   0.0000  -0.0000   0.0000  -0.0000  -0.0000    0.549
   341   5.4000   0.0000   1.2309   1.2000   0.0208   0.0000  -0.0000   0.0000   0.0000  -0.0000   0.0000  -0.0000  -0.0000    0.574
   342   5.4000   0.0000   1.2159   1.2000   0.0151   0.0000  -0.0000   0.0000   0.0000  -0.0000   0.0000  -0.0000  -0.0000    0.618
   343   5.4000   0.0000   1.2058   1.2000   0.0092   0.0000  -0.0000   0.0000   0.0000   0.0000   0.0000  -0.0000  -0.0000    0.606
   344   5.4000   0.0000   1.2006   1.2000   0.0031   0.0000  -0.0000   0.0000   0.0000  -0.0000   0.0000  -0.0000  -0.0000    0.634

  Surface #10     rudder_upper                            
     # Chordwise = 12   # Spanwise = 24     First strip =345
     Surface area Ssurf =    0.540000     Ave. chord Cave =    0.900000

 Forces referred to Sref, Cref, Bref about Xref, Yref, Zref
 Standard axis orientation,  X fwd, Z down         
     CLsurf  =   0.00000     Clsurf  =   0.00000
     CYsurf  =   0.00000     Cmsurf  =  -0.00000
     CDsurf  =  -0.00000     Cnsurf  =  -0.00000
     CDisurf =  -0.00000     CDvsurf =   0.00000

 Forces referred to Ssurf, Cave 
     CLsurf  =   0.00000     CDsurf  =  -0.00000

 Strip Forces referred to Strip Area, Chord
    j     Xle      Yle      Zle      Chord    Area     c_cl     ai     cl_norm    cl       cd       cdv    cm_c/4     cm_LE   C.P.x/c
   345   6.6000   0.0000   1.7994   0.9000   0.0023   0.0000  -0.0000   0.0000   0.0000  -0.0000   0.0000  -0.0000  -0.0000    0.442
   346   6.6000   0.0000   1.7942   0.9000   0.0069   0.0000  -0.0000   0.0000   0.0000   0.0000   0.0000  -0.0000  -0.0000    0.352
   347   6.6000   0.0000   1.7841   0.9000   0.0114   0.0000   0.0000   0.0000   0.0000   0.0000   0.0000   0.0000  -0.0000    0.142
   348   6.6000   0.0000   1.7691   0.9000   0.0156   0.0000  -0.0000   0.0000   0.0000  -0.0000   0.0000   0.0000   0.0000   -0.258
   349   6.6000   0.0000   1.7494   0.9000   0.0196  -0.0000  -0.0000  -0.0000  -0.0000   0.0000   0.0000   0.0000   0.0000    1.233
   350   6.6000   0.0000   1.7256   0.9000   0.0233   0.0000  -0.0000   0.0000   0.0000   0.0000   0.0000   0.0000   0.0000  999.000
   351   6.6000   0.0000   1.6978   0.9000   0.0266  -0.0000   0.0000  -0.0000  -0.0000  -0.0000   0.0000   0.0000   0.0000    1.029
   352   6.6000   0.0000   1.6667   0.9000   0.0294   0.0000   0.0000   0.0000   0.0000   0.0000   0.0000  -0.0000  -0.0000    0.659
   353   6.6000   0.0000   1.6327   0.9000   0.0317   0.0000   0.0000   0.0000   0.0000  -0.0000   0.0000  -0.0000  -0.0000    0.457
   354   6.6000   0.0000   1.5964   0.9000   0.0334   0.0000  -0.0000   0.0000   0.0000  -0.0000   0.0000  -0.0000  -0.0000    1.233
   355   6.6000   0.0000   1.5585   0.9000   0.0346   0.0000  -0.0000   0.0000   0.0000  -0.0000   0.0000  -0.0000  -0.0000    0.340
   356   6.6000   0.0000   1.5196   0.9000   0.0352   0.0000   0.0000   0.0000   0.0000  -0.0000   0.0000  -0.0000  -0.0000    0.356
   357   6.6000   0.0000   1.4804   0.9000   0.0352   0.0000   0.0000   0.0000   0.0000   0.0000   0.0000  -0.0000  -0.0000    0.359
   358   6.6000   0.0000   1.4415   0.9000   0.0346   0.0000   0.0000   0.0000   0.0000   0.0000   0.0000   0.0000   0.0000   -0.280
   359   6.6000   0.0000   1.4036   0.9000   0.0334   0.0000   0.0000   0.0000   0.0000   0.0000   0.0000   0.0000   0.0000   -0.298
   360   6.6000   0.0000   1.3673   0.9000   0.0317   0.0000  -0.0000   0.0000   0.0000   0.0000   0.0000   0.0000   0.0000   -0.236
   361   6.6000   0.0000   1.3333   0.9000   0.0294   0.0000  -0.0000   0.0000   0.0000  -0.0000   0.0000   0.0000   0.0000   -0.295
   362   6.6000   0.0000   1.3022   0.9000   0.0266   0.0000   0.0000   0.0000   0.0000  -0.0000   0.0000   0.0000   0.0000   -0.620
   363   6.6000   0.0000   1.2744   0.9000   0.0233   0.0000  -0.0000   0.0000   0.0000  -0.0000   0.0000   0.0000   0.0000   -0.829
   364   6.6000   0.0000   1.2506   0.9000   0.0196   0.0000  -0.0000   0.0000   0.0000   0.0000   0.0000   0.0000   0.0000   -0.863
   365   6.6000   0.0000   1.2309   0.9000   0.0156   0.0000  -0.0000   0.0000   0.0000   0.0000   0.0000   0.0000   0.0000   -0.715
   366   6.6000   0.0000   1.2159   0.9000   0.0114   0.0000  -0.0000   0.0000   0.0000  -0.0000   0.0000   0.0000   0.0000   -0.239
   367   6.6000   0.0000   1.2058   0.9000   0.0069   0.0000  -0.0000   0.0000   0.0000  -0.0000   0.0000   0.0000   0.0000   -0.110
   368   6.6000   0.0000   1.2006   0.9000   0.0023   0.0000  -0.0000   0.0000   0.0000   0.0000   0.0000   0.0000   0.0000   -0.065

  Surface #11     rudder_lower                            
     # Chordwise = 12   # Spanwise = 16     First strip =369
     Surface area Ssurf =    0.360000     Ave. chord Cave =    0.900000

 Forces referred to Sref, Cref, Bref about Xref, Yref, Zref
 Standard axis orientation,  X fwd, Z down         
     CLsurf  =   0.00000     Clsurf  =   0.00000
     CYsurf  =   0.00000     Cmsurf  =  -0.00000
     CDsurf  =  -0.00000     Cnsurf  =  -0.00000
     CDisurf =  -0.00000     CDvsurf =   0.00000

 Forces referred to Ssurf, Cave 
     CLsurf  =   0.00000     CDsurf  =  -0.00000

 Strip Forces referred to Strip Area, Chord
    j     Xle      Yle      Zle      Chord    Area     c_cl     ai     cl_norm    cl       cd       cdv    cm_c/4     cm_LE   C.P.x/c
   369   6.6000   0.0000   1.1990   0.9000   0.0035   0.0000  -0.0000   0.0000   0.0000  -0.0000   0.0000   0.0000   0.0000   -0.049
   370   6.6000   0.0000   1.1914   0.9000   0.0102   0.0000  -0.0000   0.0000   0.0000  -0.0000   0.0000   0.0000   0.0000   -0.038
   371   6.6000   0.0000   1.1764   0.9000   0.0166   0.0000  -0.0000   0.0000   0.0000  -0.0000   0.0000   0.0000   0.0000   -0.012
   372   6.6000   0.0000   1.1546   0.9000   0.0224   0.0000   0.0000   0.0000   0.0000  -0.0000   0.0000   0.0000  -0.0000    0.065
   373   6.6000   0.0000   1.1269   0.9000   0.0273   0.0000  -0.0000   0.0000   0.0000   0.0000   0.0000   0.0000  -0.0000    0.056
   374   6.6000   0.0000   1.0943   0.9000   0.0311   0.0000   0.0000   0.0000   0.0000   0.0000   0.0000   0.0000  -0.0000    0.090
   375   6.6000   0.0000   1.0581   0.9000   0.0338   0.0000   0.0000   0.0000   0.0000  -0.0000   0.0000   0.0000  -0.0000    0.082
   376   6.6000   0.0000   1.0196   0.9000   0.0351   0.0000  -0.0000   0.0000   0.0000  -0.0000   0.0000   0.0000   0.0000   -0.018
   377   6.6000   0.0000   0.9804   0.9000   0.0351   0.0000  -0.0000   0.0000   0.0000   0.0000   0.0000   0.0000   0.0000   -0.073
   378   6.6000   0.0000   0.9419   0.9000   0.0338   0.0000  -0.0000   0.0000   0.0000  -0.0000   0.0000   0.0000   0.0000   -0.190
   379   6.6000   0.0000   0.9057   0.9000   0.0311   0.0000  -0.0000   0.0000   0.0000   0.0000   0.0000   0.0000   0.0000   -0.092
   380   6.6000   0.0000   0.8731   0.9000   0.0273   0.0000  -0.0000   0.0000   0.0000   0.0000   0.0000   0.0000   0.0000   -0.245
   381   6.6000   0.0000   0.8454   0.9000   0.0224   0.0000   0.0000   0.0000   0.0000   0.0000   0.0000   0.0000  -0.0000    0.104
   382   6.6000   0.0000   0.8236   0.9000   0.0166   0.0000  -0.0000   0.0000   0.0000  -0.0000   0.0000   0.0000   0.0000   -0.138
   383   6.6000   0.0000   0.8086   0.9000   0.0102   0.0000  -0.0000   0.0000   0.0000   0.0000   0.0000   0.0000   0.0000   -0.478
   384   6.6000   0.0000   0.8010   0.9000   0.0035   0.0000  -0.0000   0.0000   0.0000  -0.0000   0.0000   0.0000   0.0000   -0.093
 ---------------------------------------------------------------
