 ---------------------------------------------------------------
 Surface and Strip Forces by surface

  Sref =  42.000       Cref =  1.8500       Bref =  11.500    
  Xref =  1.5667       Yref =  0.0000       Zref = 0.77531    

  Surface # 1     lower                                   
     # Chordwise = 12   # Spanwise = 64     First strip =  1
     Surface area Ssurf =   10.637500     Ave. chord Cave =    1.850000

 Forces referred to Sref, Cref, Bref about Xref, Yref, Zref
 Standard axis orientation,  X fwd, Z down         
     CLsurf  =   0.18304     Clsurf  =  -0.04216
     CYsurf  =  -0.00000     Cmsurf  =  -0.02179
     CDsurf  =   0.01162     Cnsurf  =  -0.00075
     CDisurf =   0.01162     CDvsurf =   0.00000

 Forces referred to Ssurf, Cave 
     CLsurf  =   0.72270     CDsurf  =   0.04589

 Strip Forces referred to Strip Area, Chord
    j     Xle      Yle      Zle      Chord    Area     c_cl     ai     cl_norm    cl       cd       cdv    cm_c/4     cm_LE   C.P.x/c
     1   0.9500   0.0009   0.0000   1.8500   0.0064   1.4999   0.1287   0.8101   0.8101   0.0427   0.0000  -0.1599  -0.3626    0.447
     2   0.9500   0.0078   0.0000   1.8500   0.0192   1.4999   0.1287   0.8101   0.8101   0.0427   0.0000  -0.1599  -0.3626    0.447
     3   0.9500   0.0216   0.0000   1.8500   0.0320   1.4999   0.1286   0.8101   0.8101   0.0427   0.0000  -0.1599  -0.3626    0.447
     4   0.9500   0.0423   0.0000   1.8500   0.0446   1.4999   0.1286   0.8101   0.8101   0.0428   0.0000  -0.1599  -0.3626    0.447
     5   0.9500   0.0699   0.0000   1.8500   0.0572   1.4999   0.1284   0.8101   0.8101   0.0428   0.0000  -0.1599  -0.3626    0.447
     6   0.9500   0.1041   0.0000   1.8500   0.0696   1.4998   0.1280   0.8101   0.8101   0.0428   0.0000  -0.1599  -0.3626    0.447
     7   0.9500   0.1451   0.0000   1.8500   0.0819   1.4998   0.1274   0.8101   0.8101   0.0428   0.0000  -0.1599  -0.3626    0.447
     8   0.9500   0.1926   0.0000   1.8500   0.0940   1.4997   0.1264   0.8100   0.8100   0.0428   0.0000  -0.1599  -0.3625    0.447
     9   0.9500   0.2466   0.0000   1.8500   0.1058   1.4995   0.1249   0.8099   0.8099   0.0428   0.0000  -0.1599  -0.3625    0.447
    10   0.9500   0.3070   0.0000   1.8500   0.1174   1.4993   0.1228   0.8098   0.8098   0.0428   0.0000  -0.1599  -0.3625    0.447
    11   0.9500   0.3735   0.0000   1.8500   0.1287   1.4991   0.1199   0.8097   0.8097   0.0428   0.0000  -0.1599  -0.3625    0.447
    12   0.9500   0.4460   0.0000   1.8500   0.1397   1.4987   0.1162   0.8095   0.8095   0.0428   0.0000  -0.1599  -0.3624    0.448
    13   0.9500   0.5244   0.0000   1.8500   0.1503   1.4982   0.1115   0.8092   0.8092   0.0429   0.0000  -0.1599  -0.3624    0.448
    14   0.9500   0.6085   0.0000   1.8500   0.1606   1.4976   0.1059   0.8089   0.8089   0.0429   0.0000  -0.1599  -0.3623    0.448
    15   0.9500   0.6980   0.0000   1.8500   0.1705   1.4969   0.0996   0.8085   0.8085   0.0430   0.0000  -0.1600  -0.3622    0.448
    16   0.9500   0.7928   0.0000   1.8500   0.1800   1.4960   0.0928   0.8080   0.8080   0.0430   0.0000  -0.1600  -0.3621    0.448
    17   0.9500   0.8926   0.0000   1.8500   0.1891   1.4950   0.0861   0.8074   0.8074   0.0431   0.0000  -0.1600  -0.3620    0.448
    18   0.9500   0.9971   0.0000   1.8500   0.1977   1.4938   0.0797   0.8068   0.8068   0.0432   0.0000  -0.1600  -0.3619    0.448
    19   0.9500   1.1062   0.0000   1.8500   0.2058   1.4923   0.0740   0.8060   0.8060   0.0433   0.0000  -0.1600  -0.3617    0.449
    20   0.9500   1.2196   0.0000   1.8500   0.2134   1.4906   0.0692   0.8050   0.8050   0.0435   0.0000  -0.1601  -0.3615    0.449
    21   0.9500   1.3369   0.0000   1.8500   0.2206   1.4887   0.0656   0.8040   0.8040   0.0436   0.0000  -0.1601  -0.3613    0.449
    22   0.9500   1.4579   0.0000   1.8500   0.2271   1.4864   0.0630   0.8027   0.8027   0.0438   0.0000  -0.1602  -0.3610    0.450
    23   0.9500   1.5824   0.0000   1.8500   0.2332   1.4839   0.0616   0.8013   0.8013   0.0440   0.0000  -0.1602  -0.3607    0.450
    24   0.9500   1.7099   0.0000   1.8500   0.2387   1.4811   0.0613   0.7998   0.7998   0.0442   0.0000  -0.1603  -0.3604    0.450
    25   0.9500   1.8403   0.0000   1.8500   0.2436   1.4779   0.0623   0.7980   0.7980   0.0444   0.0000  -0.1603  -0.3600    0.451
    26   0.9500   1.9732   0.0000   1.8500   0.2479   1.4743   0.0647   0.7961   0.7961   0.0446   0.0000  -0.1604  -0.3596    0.451
    27   0.9500   2.1082   0.0000   1.8500   0.2516   1.4703   0.0685   0.7939   0.7939   0.0449   0.0000  -0.1604  -0.3591    0.452
    28   0.9500   2.2451   0.0000   1.8500   0.2547   1.4659   0.0741   0.7915   0.7915   0.0452   0.0000  -0.1605  -0.3586    0.453
    29   0.9500   2.3835   0.0000   1.8500   0.2572   1.4610   0.0815   0.7888   0.7888   0.0455   0.0000  -0.1606  -0.3580    0.454
    30   0.9500   2.5231   0.0000   1.8500   0.2591   1.4556   0.0906   0.7858   0.7858   0.0459   0.0000  -0.1607  -0.3574    0.454
    31   0.9500   2.6635   0.0000   1.8500   0.2603   1.4497   0.1011   0.7826   0.7826   0.0462   0.0000  -0.1607  -0.3566    0.455
    32   0.9500   2.8044   0.0000   1.8500   0.2610   1.4431   0.1118   0.7790   0.7790   0.0466   0.0000  -0.1608  -0.3558    0.456
    33   0.9500   2.9456   0.0000   1.8500   0.2610   1.4359   0.1217   0.7750   0.7750   0.0470   0.0000  -0.1608  -0.3549    0.458
    34   0.9500   3.0865   0.0000   1.8500   0.2603   1.4279   0.1297   0.7707   0.7707   0.0475   0.0000  -0.1609  -0.3538    0.459
    35   0.9500   3.2269   0.0000   1.8500   0.2591   1.4192   0.1357   0.7659   0.7659   0.0479   0.0000  -0.1609  -0.3527    0.460
    36   0.9500   3.3665   0.0000   1.8500   0.2572   1.4096   0.1399   0.7606   0.7606   0.0484   0.0000  -0.1609  -0.3514    0.462
    37   0.9500   3.5049   0.0000   1.8500   0.2547   1.3990   0.1429   0.7548   0.7548   0.0489   0.0000  -0.1609  -0.3499    0.463
    38   0.9500   3.6418   0.0000   1.8500   0.2516   1.3873   0.1452   0.7484   0.7484   0.0494   0.0000  -0.1608  -0.3482    0.465
    39   0.9500   3.7768   0.0000   1.8500   0.2479   1.3743   0.1472   0.7414   0.7414   0.0498   0.0000  -0.1606  -0.3463    0.467
    40   0.9500   3.9097   0.0000   1.8500   0.2436   1.3600   0.1492   0.7336   0.7336   0.0503   0.0000  -0.1604  -0.3442    0.469
    41   0.9500   4.0401   0.0000   1.8500   0.2387   1.3441   0.1513   0.7249   0.7249   0.0508   0.0000  -0.1600  -0.3417    0.471
    42   0.9500   4.1676   0.0000   1.8500   0.2332   1.3264   0.1535   0.7152   0.7152   0.0512   0.0000  -0.1596  -0.3388    0.473
    43   0.9500   4.2921   0.0000   1.8500   0.2271   1.3067   0.1560   0.7045   0.7045   0.0515   0.0000  -0.1589  -0.3355    0.476
    44   0.9500   4.4131   0.0000   1.8500   0.2206   1.2847   0.1588   0.6926   0.6926   0.0518   0.0000  -0.1581  -0.3317    0.478
    45   0.9500   4.5304   0.0000   1.8500   0.2134   1.2602   0.1620   0.6793   0.6793   0.0521   0.0000  -0.1570  -0.3273    0.481
    46   0.9500   4.6438   0.0000   1.8500   0.2058   1.2329   0.1654   0.6644   0.6644   0.0521   0.0000  -0.1556  -0.3222    0.484
    47   0.9500   4.7529   0.0000   1.8500   0.1977   1.2025   0.1693   0.6479   0.6479   0.0521   0.0000  -0.1539  -0.3164    0.487
    48   0.9500   4.8574   0.0000   1.8500   0.1891   1.1687   0.1735   0.6296   0.6296   0.0519   0.0000  -0.1517  -0.3096    0.491
    49   0.9500   4.9572   0.0000   1.8500   0.1800   1.1311   0.1781   0.6093   0.6093   0.0514   0.0000  -0.1490  -0.3018    0.495
    50   0.9500   5.0520   0.0000   1.8500   0.1705   1.0896   0.1831   0.5868   0.5868   0.0507   0.0000  -0.1457  -0.2930    0.498
    51   0.9500   5.1415   0.0000   1.8500   0.1606   1.0438   0.1884   0.5620   0.5620   0.0498   0.0000  -0.1418  -0.2828    0.502
    52   0.9500   5.2256   0.0000   1.8500   0.1503   0.9936   0.1942   0.5349   0.5349   0.0485   0.0000  -0.1371  -0.2714    0.506
    53   0.9500   5.3040   0.0000   1.8500   0.1397   0.9388   0.2003   0.5053   0.5053   0.0469   0.0000  -0.1316  -0.2585    0.511
    54   0.9500   5.3765   0.0000   1.8500   0.1287   0.8792   0.2067   0.4731   0.4731   0.0448   0.0000  -0.1253  -0.2441    0.515
    55   0.9500   5.4430   0.0000   1.8500   0.1174   0.8147   0.2133   0.4384   0.4384   0.0424   0.0000  -0.1180  -0.2281    0.519
    56   0.9500   5.5034   0.0000   1.8500   0.1058   0.7455   0.2202   0.4011   0.4011   0.0396   0.0000  -0.1096  -0.2104    0.523
    57   0.9500   5.5574   0.0000   1.8500   0.0940   0.6716   0.2271   0.3612   0.3612   0.0363   0.0000  -0.1002  -0.1910    0.527
    58   0.9500   5.6049   0.0000   1.8500   0.0819   0.5931   0.2341   0.3190   0.3190   0.0326   0.0000  -0.0898  -0.1699    0.531
    59   0.9500   5.6459   0.0000   1.8500   0.0696   0.5104   0.2410   0.2745   0.2745   0.0285   0.0000  -0.0783  -0.1473    0.535
    60   0.9500   5.6801   0.0000   1.8500   0.0572   0.4237   0.2477   0.2278   0.2278   0.0239   0.0000  -0.0658  -0.1230    0.539
    61   0.9500   5.7077   0.0000   1.8500   0.0446   0.3336   0.2540   0.1793   0.1793   0.0191   0.0000  -0.0523  -0.0974    0.542
    62   0.9500   5.7284   0.0000   1.8500   0.0320   0.2406   0.2596   0.1293   0.1293   0.0139   0.0000  -0.0381  -0.0706    0.544
    63   0.9500   5.7422   0.0000   1.8500   0.0192   0.1453   0.2636   0.0781   0.0781   0.0084   0.0000  -0.0231  -0.0427    0.546
    64   0.9500   5.7491   0.0000   1.8500   0.0064   0.0486   0.2656   0.0261   0.0261   0.0028   0.0000  -0.0078  -0.0143    0.547

  Surface # 2     lower (YDUP)                            
     # Chordwise = 12   # Spanwise = 64     First strip = 65
     Surface area Ssurf =   10.637500     Ave. chord Cave =    1.850000

 Forces referred to Sref, Cref, Bref about Xref, Yref, Zref
 Standard axis orientation,  X fwd, Z down         
     CLsurf  =   0.18304     Clsurf  =   0.04216
     CYsurf  =   0.00000     Cmsurf  =  -0.02179
     CDsurf  =   0.01162     Cnsurf  =   0.00075
     CDisurf =   0.01162     CDvsurf =   0.00000

 Forces referred to Ssurf, Cave 
     CLsurf  =   0.72270     CDsurf  =   0.04589

 Strip Forces referred to Strip Area, Chord
    j     Xle      Yle      Zle      Chord    Area     c_cl     ai     cl_norm    cl       cd       cdv    cm_c/4     cm_LE   C.P.x/c
    65   0.9500  -0.0009   0.0000   1.8500   0.0064   1.4999   0.1287   0.8101   0.8101   0.0427   0.0000  -0.1599   0.3626    0.447
    66   0.9500  -0.0078   0.0000   1.8500   0.0192   1.4999   0.1287   0.8101   0.8101   0.0427   0.0000  -0.1599   0.3626    0.447
    67   0.9500  -0.0216   0.0000   1.8500   0.0320   1.4999   0.1286   0.8101   0.8101   0.0427   0.0000  -0.1599   0.3626    0.447
    68   0.9500  -0.0423   0.0000   1.8500   0.0446   1.4999   0.1286   0.8101   0.8101   0.0428   0.0000  -0.1599   0.3626    0.447
    69   0.9500  -0.0699   0.0000   1.8500   0.0572   1.4999   0.1284   0.8101   0.8101   0.0428   0.0000  -0.1599   0.3626    0.447
    70   0.9500  -0.1041   0.0000   1.8500   0.0696   1.4998   0.1280   0.8101   0.8101   0.0428   0.0000  -0.1599   0.3626    0.447
    71   0.9500  -0.1451   0.0000   1.8500   0.0819   1.4998   0.1274   0.8101   0.8101   0.0428   0.0000  -0.1599   0.3626    0.447
    72   0.9500  -0.1926   0.0000   1.8500   0.0940   1.4997   0.1264   0.8100   0.8100   0.0428   0.0000  -0.1599   0.3625    0.447
    73   0.9500  -0.2466   0.0000   1.8500   0.1058   1.4995   0.1249   0.8099   0.8099   0.0428   0.0000  -0.1599   0.3625    0.447
    74   0.9500  -0.3070   0.0000   1.8500   0.1174   1.4993   0.1228   0.8098   0.8098   0.0428   0.0000  -0.1599   0.3625    0.447
    75   0.9500  -0.3735   0.0000   1.8500   0.1287   1.4991   0.1199   0.8097   0.8097   0.0428   0.0000  -0.1599   0.3625    0.447
    76   0.9500  -0.4460   0.0000   1.8500   0.1397   1.4987   0.1162   0.8095   0.8095   0.0428   0.0000  -0.1599   0.3624    0.448
    77   0.9500  -0.5244   0.0000   1.8500   0.1503   1.4982   0.1115   0.8092   0.8092   0.0429   0.0000  -0.1599   0.3624    0.448
    78   0.9500  -0.6085   0.0000   1.8500   0.1606   1.4976   0.1059   0.8089   0.8089   0.0429   0.0000  -0.1599   0.3623    0.448
    79   0.9500  -0.6980   0.0000   1.8500   0.1705   1.4969   0.0996   0.8085   0.8085   0.0430   0.0000  -0.1600   0.3622    0.448
    80   0.9500  -0.7928   0.0000   1.8500   0.1800   1.4960   0.0928   0.8080   0.8080   0.0430   0.0000  -0.1600   0.3621    0.448
    81   0.9500  -0.8926   0.0000   1.8500   0.1891   1.4950   0.0861   0.8074   0.8074   0.0431   0.0000  -0.1600   0.3620    0.448
    82   0.9500  -0.9971   0.0000   1.8500   0.1977   1.4938   0.0797   0.8068   0.8068   0.0432   0.0000  -0.1600   0.3619    0.448
    83   0.9500  -1.1062   0.0000   1.8500   0.2058   1.4923   0.0740   0.8060   0.8060   0.0433   0.0000  -0.1600   0.3617    0.449
    84   0.9500  -1.2196   0.0000   1.8500   0.2134   1.4906   0.0692   0.8050   0.8050   0.0435   0.0000  -0.1601   0.3615    0.449
    85   0.9500  -1.3369   0.0000   1.8500   0.2206   1.4887   0.0656   0.8040   0.8040   0.0436   0.0000  -0.1601   0.3613    0.449
    86   0.9500  -1.4579   0.0000   1.8500   0.2271   1.4864   0.0630   0.8027   0.8027   0.0438   0.0000  -0.1602   0.3610    0.450
    87   0.9500  -1.5824   0.0000   1.8500   0.2332   1.4839   0.0616   0.8013   0.8013   0.0440   0.0000  -0.1602   0.3607    0.450
    88   0.9500  -1.7099   0.0000   1.8500   0.2387   1.4811   0.0613   0.7998   0.7998   0.0442   0.0000  -0.1603   0.3604    0.450
    89   0.9500  -1.8403   0.0000   1.8500   0.2436   1.4779   0.0623   0.7980   0.7980   0.0444   0.0000  -0.1603   0.3600    0.451
    90   0.9500  -1.9732   0.0000   1.8500   0.2479   1.4743   0.0647   0.7961   0.7961   0.0446   0.0000  -0.1604   0.3596    0.451
    91   0.9500  -2.1082   0.0000   1.8500   0.2516   1.4703   0.0685   0.7939   0.7939   0.0449   0.0000  -0.1604   0.3591    0.452
    92   0.9500  -2.2451   0.0000   1.8500   0.2547   1.4659   0.0741   0.7915   0.7915   0.0452   0.0000  -0.1605   0.3586    0.453
    93   0.9500  -2.3835   0.0000   1.8500   0.2572   1.4610   0.0815   0.7888   0.7888   0.0455   0.0000  -0.1606   0.3580    0.454
    94   0.9500  -2.5231   0.0000   1.8500   0.2591   1.4556   0.0906   0.7858   0.7858   0.0459   0.0000  -0.1607   0.3574    0.454
    95   0.9500  -2.6635   0.0000   1.8500   0.2603   1.4497   0.1011   0.7826   0.7826   0.0462   0.0000  -0.1607   0.3566    0.455
    96   0.9500  -2.8044   0.0000   1.8500   0.2610   1.4431   0.1118   0.7790   0.7790   0.0466   0.0000  -0.1608   0.3558    0.456
    97   0.9500  -2.9456   0.0000   1.8500   0.2610   1.4359   0.1217   0.7750   0.7750   0.0470   0.0000  -0.1608   0.3549    0.458
    98   0.9500  -3.0865   0.0000   1.8500   0.2603   1.4279   0.1297   0.7707   0.7707   0.0475   0.0000  -0.1609   0.3538    0.459
    99   0.9500  -3.2269   0.0000   1.8500   0.2591   1.4192   0.1357   0.7659   0.7659   0.0479   0.0000  -0.1609   0.3527    0.460
   100   0.9500  -3.3665   0.0000   1.8500   0.2572   1.4096   0.1399   0.7606   0.7606   0.0484   0.0000  -0.1609   0.3514    0.462
   101   0.9500  -3.5049   0.0000   1.8500   0.2547   1.3990   0.1429   0.7548   0.7548   0.0489   0.0000  -0.1609   0.3499    0.463
   102   0.9500  -3.6418   0.0000   1.8500   0.2516   1.3873   0.1452   0.7484   0.7484   0.0494   0.0000  -0.1608   0.3482    0.465
   103   0.9500  -3.7768   0.0000   1.8500   0.2479   1.3743   0.1472   0.7414   0.7414   0.0498   0.0000  -0.1606   0.3463    0.467
   104   0.9500  -3.9097   0.0000   1.8500   0.2436   1.3600   0.1492   0.7336   0.7336   0.0503   0.0000  -0.1604   0.3442    0.469
   105   0.9500  -4.0401   0.0000   1.8500   0.2387   1.3441   0.1513   0.7249   0.7249   0.0508   0.0000  -0.1600   0.3417    0.471
   106   0.9500  -4.1676   0.0000   1.8500   0.2332   1.3264   0.1535   0.7152   0.7152   0.0512   0.0000  -0.1596   0.3388    0.473
   107   0.9500  -4.2921   0.0000   1.8500   0.2271   1.3067   0.1560   0.7045   0.7045   0.0515   0.0000  -0.1589   0.3355    0.476
   108   0.9500  -4.4131   0.0000   1.8500   0.2206   1.2847   0.1588   0.6926   0.6926   0.0518   0.0000  -0.1581   0.3317    0.478
   109   0.9500  -4.5304   0.0000   1.8500   0.2134   1.2602   0.1620   0.6793   0.6793   0.0521   0.0000  -0.1570   0.3273    0.481
   110   0.9500  -4.6438   0.0000   1.8500   0.2058   1.2329   0.1654   0.6644   0.6644   0.0521   0.0000  -0.1556   0.3222    0.484
   111   0.9500  -4.7529   0.0000   1.8500   0.1977   1.2025   0.1693   0.6479   0.6479   0.0521   0.0000  -0.1539   0.3164    0.487
   112   0.9500  -4.8574   0.0000   1.8500   0.1891   1.1687   0.1735   0.6296   0.6296   0.0519   0.0000  -0.1517   0.3096    0.491
   113   0.9500  -4.9572   0.0000   1.8500   0.1800   1.1311   0.1781   0.6093   0.6093   0.0514   0.0000  -0.1490   0.3018    0.495
   114   0.9500  -5.0520   0.0000   1.8500   0.1705   1.0896   0.1831   0.5868   0.5868   0.0507   0.0000  -0.1457   0.2930    0.498
   115   0.9500  -5.1415   0.0000   1.8500   0.1606   1.0438   0.1884   0.5620   0.5620   0.0498   0.0000  -0.1418   0.2828    0.502
   116   0.9500  -5.2256   0.0000   1.8500   0.1503   0.9936   0.1942   0.5349   0.5349   0.0485   0.0000  -0.1371   0.2714    0.506
   117   0.9500  -5.3040   0.0000   1.8500   0.1397   0.9388   0.2003   0.5053   0.5053   0.0469   0.0000  -0.1316   0.2585    0.511
   118   0.9500  -5.3765   0.0000   1.8500   0.1287   0.8792   0.2067   0.4731   0.4731   0.0448   0.0000  -0.1253   0.2441    0.515
   119   0.9500  -5.4430   0.0000   1.8500   0.1174   0.8147   0.2133   0.4384   0.4384   0.0424   0.0000  -0.1180   0.2281    0.519
   120   0.9500  -5.5034   0.0000   1.8500   0.1058   0.7455   0.2202   0.4011   0.4011   0.0396   0.0000  -0.1096   0.2104    0.523
   121   0.9500  -5.5574   0.0000   1.8500   0.0940   0.6716   0.2271   0.3612   0.3612   0.0363   0.0000  -0.1002   0.1910    0.527
   122   0.9500  -5.6049   0.0000   1.8500   0.0819   0.5931   0.2341   0.3190   0.3190   0.0326   0.0000  -0.0898   0.1699    0.531
   123   0.9500  -5.6459   0.0000   1.8500   0.0696   0.5104   0.2410   0.2745   0.2745   0.0285   0.0000  -0.0783   0.1473    0.535
   124   0.9500  -5.6801   0.0000   1.8500   0.0572   0.4237   0.2477   0.2278   0.2278   0.0239   0.0000  -0.0658   0.1230    0.539
   125   0.9500  -5.7077   0.0000   1.8500   0.0446   0.3336   0.2540   0.1793   0.1793   0.0191   0.0000  -0.0523   0.0974    0.542
   126   0.9500  -5.7284   0.0000   1.8500   0.0320   0.2406   0.2596   0.1293   0.1293   0.0139   0.0000  -0.0381   0.0706    0.544
   127   0.9500  -5.7422   0.0000   1.8500   0.0192   0.1453   0.2636   0.0781   0.0781   0.0084   0.0000  -0.0231   0.0427    0.546
   128   0.9500  -5.7491   0.0000   1.8500   0.0064   0.0486   0.2656   0.0261   0.0261   0.0028   0.0000  -0.0078   0.0143    0.547

  Surface # 3     upper_center                            
     # Chordwise = 12   # Spanwise = 47     First strip =129
     Surface area Ssurf =    7.862500     Ave. chord Cave =    1.850000

 Forces referred to Sref, Cref, Bref about Xref, Yref, Zref
 Standard axis orientation,  X fwd, Z down         
     CLsurf  =   0.17820     Clsurf  =  -0.03210
     CYsurf  =   0.00000     Cmsurf  =  -0.02530
     CDsurf  =   0.01128     Cnsurf  =  -0.00070
     CDisurf =   0.01128     CDvsurf =   0.00000

 Forces referred to Ssurf, Cave 
     CLsurf  =   0.95194     CDsurf  =   0.06024

 Strip Forces referred to Strip Area, Chord
    j     Xle      Yle      Zle      Chord    Area     c_cl     ai     cl_norm    cl       cd       cdv    cm_c/4     cm_LE   C.P.x/c
   129   0.9500   0.0012   1.8500   1.8500   0.0088   1.8519   0.1153   0.9998   0.9998   0.0584   0.0000  -0.2043  -0.4546    0.454
   130   0.9500   0.0107   1.8500   1.8500   0.0263   1.8519   0.1153   0.9998   0.9998   0.0584   0.0000  -0.2043  -0.4546    0.454
   131   0.9500   0.0296   1.8500   1.8500   0.0437   1.8519   0.1152   0.9998   0.9998   0.0584   0.0000  -0.2043  -0.4546    0.454
   132   0.9500   0.0579   1.8500   1.8500   0.0609   1.8519   0.1152   0.9997   0.9997   0.0584   0.0000  -0.2043  -0.4546    0.454
   133   0.9500   0.0954   1.8500   1.8500   0.0778   1.8518   0.1149   0.9997   0.9997   0.0584   0.0000  -0.2043  -0.4545    0.454
   134   0.9500   0.1420   1.8500   1.8500   0.0944   1.8517   0.1145   0.9996   0.9996   0.0584   0.0000  -0.2043  -0.4545    0.454
   135   0.9500   0.1974   1.8500   1.8500   0.1106   1.8515   0.1138   0.9995   0.9995   0.0584   0.0000  -0.2043  -0.4545    0.454
   136   0.9500   0.2615   1.8500   1.8500   0.1263   1.8511   0.1128   0.9993   0.9993   0.0584   0.0000  -0.2043  -0.4544    0.454
   137   0.9500   0.3339   1.8500   1.8500   0.1414   1.8506   0.1112   0.9991   0.9991   0.0584   0.0000  -0.2043  -0.4543    0.454
   138   0.9500   0.4142   1.8500   1.8500   0.1558   1.8499   0.1092   0.9987   0.9987   0.0584   0.0000  -0.2042  -0.4542    0.455
   139   0.9500   0.5022   1.8500   1.8500   0.1696   1.8490   0.1065   0.9982   0.9982   0.0585   0.0000  -0.2042  -0.4541    0.455
   140   0.9500   0.5975   1.8500   1.8500   0.1826   1.8478   0.1033   0.9975   0.9975   0.0585   0.0000  -0.2042  -0.4539    0.455
   141   0.9500   0.6996   1.8500   1.8500   0.1949   1.8462   0.0995   0.9966   0.9966   0.0585   0.0000  -0.2041  -0.4536    0.455
   142   0.9500   0.8080   1.8500   1.8500   0.2062   1.8443   0.0955   0.9956   0.9956   0.0586   0.0000  -0.2041  -0.4533    0.455
   143   0.9500   0.9224   1.8500   1.8500   0.2166   1.8419   0.0914   0.9943   0.9943   0.0587   0.0000  -0.2040  -0.4529    0.455
   144   0.9500   1.0421   1.8500   1.8500   0.2260   1.8391   0.0874   0.9928   0.9928   0.0587   0.0000  -0.2039  -0.4524    0.455
   145   0.9500   1.1666   1.8500   1.8500   0.2345   1.8357   0.0839   0.9910   0.9910   0.0588   0.0000  -0.2038  -0.4519    0.456
   146   0.9500   1.2954   1.8500   1.8500   0.2419   1.8319   0.0810   0.9888   0.9888   0.0589   0.0000  -0.2037  -0.4512    0.456
   147   0.9500   1.4279   1.8500   1.8500   0.2482   1.8274   0.0790   0.9864   0.9864   0.0591   0.0000  -0.2035  -0.4505    0.456
   148   0.9500   1.5636   1.8500   1.8500   0.2534   1.8223   0.0779   0.9836   0.9836   0.0592   0.0000  -0.2034  -0.4496    0.457
   149   0.9500   1.7017   1.8500   1.8500   0.2575   1.8166   0.0779   0.9805   0.9805   0.0594   0.0000  -0.2032  -0.4487    0.457
   150   0.9500   1.8418   1.8500   1.8500   0.2604   1.8102   0.0789   0.9770   0.9770   0.0595   0.0000  -0.2030  -0.4476    0.458
   151   0.9500   1.9831   1.8500   1.8500   0.2621   1.8031   0.0812   0.9731   0.9731   0.0597   0.0000  -0.2027  -0.4464    0.458
   152   0.9500   2.1250   1.8500   1.8500   0.2627   1.7952   0.0846   0.9689   0.9689   0.0599   0.0000  -0.2025  -0.4451    0.459
   153   0.9500   2.2669   1.8500   1.8500   0.2621   1.7866   0.0890   0.9642   0.9642   0.0601   0.0000  -0.2022  -0.4436    0.460
   154   0.9500   2.4082   1.8500   1.8500   0.2604   1.7773   0.0945   0.9591   0.9591   0.0603   0.0000  -0.2019  -0.4420    0.460
   155   0.9500   2.5483   1.8500   1.8500   0.2575   1.7672   0.1007   0.9536   0.9536   0.0606   0.0000  -0.2015  -0.4403    0.461
   156   0.9500   2.6864   1.8500   1.8500   0.2534   1.7564   0.1072   0.9477   0.9477   0.0608   0.0000  -0.2011  -0.4384    0.462
   157   0.9500   2.8221   1.8500   1.8500   0.2482   1.7449   0.1137   0.9415   0.9415   0.0610   0.0000  -0.2007  -0.4364    0.463
   158   0.9500   2.9546   1.8500   1.8500   0.2419   1.7326   0.1198   0.9348   0.9348   0.0612   0.0000  -0.2002  -0.4343    0.464
   159   0.9500   3.0834   1.8500   1.8500   0.2345   1.7198   0.1253   0.9278   0.9278   0.0615   0.0000  -0.1997  -0.4321    0.465
   160   0.9500   3.2079   1.8500   1.8500   0.2260   1.7063   0.1299   0.9205   0.9205   0.0617   0.0000  -0.1991  -0.4297    0.466
   161   0.9500   3.3276   1.8500   1.8500   0.2166   1.6923   0.1339   0.9129   0.9129   0.0619   0.0000  -0.1985  -0.4272    0.467
   162   0.9500   3.4420   1.8500   1.8500   0.2062   1.6779   0.1372   0.9050   0.9050   0.0621   0.0000  -0.1979  -0.4246    0.469
   163   0.9500   3.5504   1.8500   1.8500   0.1949   1.6632   0.1400   0.8970   0.8970   0.0623   0.0000  -0.1972  -0.4220    0.470
   164   0.9500   3.6525   1.8500   1.8500   0.1826   1.6483   0.1424   0.8889   0.8889   0.0624   0.0000  -0.1965  -0.4193    0.471
   165   0.9500   3.7478   1.8500   1.8500   0.1696   1.6334   0.1446   0.8808   0.8808   0.0626   0.0000  -0.1958  -0.4165    0.472
   166   0.9500   3.8358   1.8500   1.8500   0.1558   1.6187   0.1465   0.8728   0.8728   0.0627   0.0000  -0.1951  -0.4138    0.473
   167   0.9500   3.9161   1.8500   1.8500   0.1414   1.6044   0.1482   0.8651   0.8651   0.0628   0.0000  -0.1943  -0.4111    0.475
   168   0.9500   3.9885   1.8500   1.8500   0.1263   1.5908   0.1498   0.8577   0.8577   0.0628   0.0000  -0.1936  -0.4086    0.476
   169   0.9500   4.0526   1.8500   1.8500   0.1106   1.5780   0.1512   0.8507   0.8507   0.0629   0.0000  -0.1929  -0.4062    0.477
   170   0.9500   4.1080   1.8500   1.8500   0.0944   1.5664   0.1525   0.8445   0.8445   0.0629   0.0000  -0.1923  -0.4040    0.478
   171   0.9500   4.1546   1.8500   1.8500   0.0778   1.5563   0.1536   0.8390   0.8390   0.0629   0.0000  -0.1917  -0.4020    0.479
   172   0.9500   4.1921   1.8500   1.8500   0.0609   1.5478   0.1545   0.8344   0.8344   0.0629   0.0000  -0.1912  -0.4004    0.479
   173   0.9500   4.2204   1.8500   1.8500   0.0437   1.5413   0.1552   0.8308   0.8308   0.0629   0.0000  -0.1909  -0.3991    0.480
   174   0.9500   4.2393   1.8500   1.8500   0.0263   1.5368   0.1556   0.8284   0.8284   0.0629   0.0000  -0.1906  -0.3983    0.480
   175   0.9500   4.2488   1.8500   1.8500   0.0088   1.5344   0.1559   0.8271   0.8271   0.0629   0.0000  -0.1905  -0.3978    0.480

  Surface # 4     upper_center (YDUP)                     
     # Chordwise = 12   # Spanwise = 47     First strip =176
     Surface area Ssurf =    7.862500     Ave. chord Cave =    1.850000

 Forces referred to Sref, Cref, Bref about Xref, Yref, Zref
 Standard axis orientation,  X fwd, Z down         
     CLsurf  =   0.17820     Clsurf  =   0.03210
     CYsurf  =  -0.00000     Cmsurf  =  -0.02530
     CDsurf  =   0.01128     Cnsurf  =   0.00070
     CDisurf =   0.01128     CDvsurf =   0.00000

 Forces referred to Ssurf, Cave 
     CLsurf  =   0.95194     CDsurf  =   0.06024

 Strip Forces referred to Strip Area, Chord
    j     Xle      Yle      Zle      Chord    Area     c_cl     ai     cl_norm    cl       cd       cdv    cm_c/4     cm_LE   C.P.x/c
   176   0.9500  -0.0012   1.8500   1.8500   0.0088   1.8519   0.1153   0.9998   0.9998   0.0584   0.0000  -0.2043   0.4546    0.454
   177   0.9500  -0.0107   1.8500   1.8500   0.0263   1.8519   0.1153   0.9998   0.9998   0.0584   0.0000  -0.2043   0.4546    0.454
   178   0.9500  -0.0296   1.8500   1.8500   0.0437   1.8519   0.1152   0.9998   0.9998   0.0584   0.0000  -0.2043   0.4546    0.454
   179   0.9500  -0.0579   1.8500   1.8500   0.0609   1.8519   0.1152   0.9997   0.9997   0.0584   0.0000  -0.2043   0.4546    0.454
   180   0.9500  -0.0954   1.8500   1.8500   0.0778   1.8518   0.1149   0.9997   0.9997   0.0584   0.0000  -0.2043   0.4545    0.454
   181   0.9500  -0.1420   1.8500   1.8500   0.0944   1.8517   0.1145   0.9996   0.9996   0.0584   0.0000  -0.2043   0.4545    0.454
   182   0.9500  -0.1974   1.8500   1.8500   0.1106   1.8515   0.1138   0.9995   0.9995   0.0584   0.0000  -0.2043   0.4545    0.454
   183   0.9500  -0.2615   1.8500   1.8500   0.1263   1.8511   0.1128   0.9993   0.9993   0.0584   0.0000  -0.2043   0.4544    0.454
   184   0.9500  -0.3339   1.8500   1.8500   0.1414   1.8506   0.1112   0.9991   0.9991   0.0584   0.0000  -0.2043   0.4543    0.454
   185   0.9500  -0.4142   1.8500   1.8500   0.1558   1.8499   0.1092   0.9987   0.9987   0.0584   0.0000  -0.2042   0.4542    0.455
   186   0.9500  -0.5022   1.8500   1.8500   0.1696   1.8490   0.1065   0.9982   0.9982   0.0585   0.0000  -0.2042   0.4541    0.455
   187   0.9500  -0.5975   1.8500   1.8500   0.1826   1.8478   0.1033   0.9975   0.9975   0.0585   0.0000  -0.2042   0.4539    0.455
   188   0.9500  -0.6996   1.8500   1.8500   0.1949   1.8462   0.0995   0.9966   0.9966   0.0585   0.0000  -0.2041   0.4536    0.455
   189   0.9500  -0.8080   1.8500   1.8500   0.2062   1.8443   0.0955   0.9956   0.9956   0.0586   0.0000  -0.2041   0.4533    0.455
   190   0.9500  -0.9224   1.8500   1.8500   0.2166   1.8419   0.0914   0.9943   0.9943   0.0587   0.0000  -0.2040   0.4529    0.455
   191   0.9500  -1.0421   1.8500   1.8500   0.2260   1.8391   0.0874   0.9928   0.9928   0.0587   0.0000  -0.2039   0.4524    0.455
   192   0.9500  -1.1666   1.8500   1.8500   0.2345   1.8357   0.0839   0.9910   0.9910   0.0588   0.0000  -0.2038   0.4519    0.456
   193   0.9500  -1.2954   1.8500   1.8500   0.2419   1.8319   0.0810   0.9888   0.9888   0.0589   0.0000  -0.2037   0.4512    0.456
   194   0.9500  -1.4279   1.8500   1.8500   0.2482   1.8274   0.0790   0.9864   0.9864   0.0591   0.0000  -0.2035   0.4505    0.456
   195   0.9500  -1.5636   1.8500   1.8500   0.2534   1.8223   0.0779   0.9836   0.9836   0.0592   0.0000  -0.2034   0.4496    0.457
   196   0.9500  -1.7017   1.8500   1.8500   0.2575   1.8166   0.0779   0.9805   0.9805   0.0594   0.0000  -0.2032   0.4487    0.457
   197   0.9500  -1.8418   1.8500   1.8500   0.2604   1.8102   0.0789   0.9770   0.9770   0.0595   0.0000  -0.2030   0.4476    0.458
   198   0.9500  -1.9831   1.8500   1.8500   0.2621   1.8031   0.0812   0.9731   0.9731   0.0597   0.0000  -0.2027   0.4464    0.458
   199   0.9500  -2.1250   1.8500   1.8500   0.2627   1.7952   0.0846   0.9689   0.9689   0.0599   0.0000  -0.2025   0.4451    0.459
   200   0.9500  -2.2669   1.8500   1.8500   0.2621   1.7866   0.0890   0.9642   0.9642   0.0601   0.0000  -0.2022   0.4436    0.460
   201   0.9500  -2.4082   1.8500   1.8500   0.2604   1.7773   0.0945   0.9591   0.9591   0.0603   0.0000  -0.2019   0.4420    0.460
   202   0.9500  -2.5483   1.8500   1.8500   0.2575   1.7672   0.1007   0.9536   0.9536   0.0606   0.0000  -0.2015   0.4403    0.461
   203   0.9500  -2.6864   1.8500   1.8500   0.2534   1.7564   0.1072   0.9477   0.9477   0.0608   0.0000  -0.2011   0.4384    0.462
   204   0.9500  -2.8221   1.8500   1.8500   0.2482   1.7449   0.1137   0.9415   0.9415   0.0610   0.0000  -0.2007   0.4364    0.463
   205   0.9500  -2.9546   1.8500   1.8500   0.2419   1.7326   0.1198   0.9348   0.9348   0.0612   0.0000  -0.2002   0.4343    0.464
   206   0.9500  -3.0834   1.8500   1.8500   0.2345   1.7198   0.1253   0.9278   0.9278   0.0615   0.0000  -0.1997   0.4321    0.465
   207   0.9500  -3.2079   1.8500   1.8500   0.2260   1.7063   0.1299   0.9205   0.9205   0.0617   0.0000  -0.1991   0.4297    0.466
   208   0.9500  -3.3276   1.8500   1.8500   0.2166   1.6923   0.1339   0.9129   0.9129   0.0619   0.0000  -0.1985   0.4272    0.467
   209   0.9500  -3.4420   1.8500   1.8500   0.2062   1.6779   0.1372   0.9050   0.9050   0.0621   0.0000  -0.1979   0.4246    0.469
   210   0.9500  -3.5504   1.8500   1.8500   0.1949   1.6632   0.1400   0.8970   0.8970   0.0623   0.0000  -0.1972   0.4220    0.470
   211   0.9500  -3.6525   1.8500   1.8500   0.1826   1.6483   0.1424   0.8889   0.8889   0.0624   0.0000  -0.1965   0.4193    0.471
   212   0.9500  -3.7478   1.8500   1.8500   0.1696   1.6334   0.1446   0.8808   0.8808   0.0626   0.0000  -0.1958   0.4165    0.472
   213   0.9500  -3.8358   1.8500   1.8500   0.1558   1.6187   0.1465   0.8728   0.8728   0.0627   0.0000  -0.1951   0.4138    0.473
   214   0.9500  -3.9161   1.8500   1.8500   0.1414   1.6044   0.1482   0.8651   0.8651   0.0628   0.0000  -0.1943   0.4111    0.475
   215   0.9500  -3.9885   1.8500   1.8500   0.1263   1.5908   0.1498   0.8577   0.8577   0.0628   0.0000  -0.1936   0.4086    0.476
   216   0.9500  -4.0526   1.8500   1.8500   0.1106   1.5780   0.1512   0.8507   0.8507   0.0629   0.0000  -0.1929   0.4062    0.477
   217   0.9500  -4.1080   1.8500   1.8500   0.0944   1.5664   0.1525   0.8445   0.8445   0.0629   0.0000  -0.1923   0.4040    0.478
   218   0.9500  -4.1546   1.8500   1.8500   0.0778   1.5563   0.1536   0.8390   0.8390   0.0629   0.0000  -0.1917   0.4020    0.479
   219   0.9500  -4.1921   1.8500   1.8500   0.0609   1.5478   0.1545   0.8344   0.8344   0.0629   0.0000  -0.1912   0.4004    0.479
   220   0.9500  -4.2204   1.8500   1.8500   0.0437   1.5413   0.1552   0.8308   0.8308   0.0629   0.0000  -0.1909   0.3991    0.480
   221   0.9500  -4.2393   1.8500   1.8500   0.0263   1.5368   0.1556   0.8284   0.8284   0.0629   0.0000  -0.1906   0.3983    0.480
   222   0.9500  -4.2488   1.8500   1.8500   0.0088   1.5344   0.1559   0.8271   0.8271   0.0629   0.0000  -0.1905   0.3978    0.480

  Surface # 5     upper_tip_pair                          
     # Chordwise = 12   # Spanwise = 17     First strip =223
     Surface area Ssurf =    2.775000     Ave. chord Cave =    1.850000

 Forces referred to Sref, Cref, Bref about Xref, Yref, Zref
 Standard axis orientation,  X fwd, Z down         
     CLsurf  =   0.04143     Clsurf  =  -0.01767
     CYsurf  =   0.00000     Cmsurf  =  -0.00691
     CDsurf  =   0.00359     Cnsurf  =  -0.00001
     CDisurf =   0.00359     CDvsurf =   0.00000

 Forces referred to Ssurf, Cave 
     CLsurf  =   0.62709     CDsurf  =   0.05439

 Strip Forces referred to Strip Area, Chord
    j     Xle      Yle      Zle      Chord    Area     c_cl     ai     cl_norm    cl       cd       cdv    cm_c/4     cm_LE   C.P.x/c
   223   0.9500   4.2532   1.8500   1.8500   0.0236   1.5338   0.1560   0.8267   0.8267   0.0629   0.0000  -0.1904  -0.3977    0.480
   224   0.9500   4.2786   1.8500   1.8500   0.0701   1.5276   0.1566   0.8234   0.8234   0.0629   0.0000  -0.1900  -0.3965    0.481
   225   0.9500   4.3286   1.8500   1.8500   0.1141   1.5150   0.1579   0.8165   0.8165   0.0629   0.0000  -0.1893  -0.3940    0.482
   226   0.9500   4.4015   1.8500   1.8500   0.1543   1.4955   0.1599   0.8060   0.8060   0.0628   0.0000  -0.1881  -0.3902    0.483
   227   0.9500   4.4947   1.8500   1.8500   0.1892   1.4686   0.1626   0.7914   0.7914   0.0627   0.0000  -0.1863  -0.3848    0.485
   228   0.9500   4.6052   1.8500   1.8500   0.2177   1.4332   0.1662   0.7722   0.7722   0.0624   0.0000  -0.1839  -0.3776    0.488
   229   0.9500   4.7291   1.8500   1.8500   0.2388   1.3883   0.1707   0.7479   0.7479   0.0619   0.0000  -0.1807  -0.3683    0.492
   230   0.9500   4.8622   1.8500   1.8500   0.2517   1.3323   0.1763   0.7176   0.7176   0.0611   0.0000  -0.1763  -0.3564    0.496
   231   0.9500   5.0000   1.8500   1.8500   0.2560   1.2636   0.1832   0.6804   0.6804   0.0597   0.0000  -0.1706  -0.3413    0.501
   232   0.9500   5.1378   1.8500   1.8500   0.2517   1.1803   0.1915   0.6354   0.6354   0.0576   0.0000  -0.1629  -0.3224    0.506
   233   0.9500   5.2709   1.8500   1.8500   0.2388   1.0806   0.2012   0.5816   0.5816   0.0546   0.0000  -0.1529  -0.2989    0.513
   234   0.9500   5.3948   1.8500   1.8500   0.2177   0.9628   0.2124   0.5180   0.5180   0.0503   0.0000  -0.1398  -0.2699    0.520
   235   0.9500   5.5053   1.8500   1.8500   0.1892   0.8257   0.2248   0.4441   0.4441   0.0446   0.0000  -0.1231  -0.2347    0.527
   236   0.9500   5.5985   1.8500   1.8500   0.1543   0.6692   0.2379   0.3598   0.3598   0.0372   0.0000  -0.1024  -0.1929    0.535
   237   0.9500   5.6714   1.8500   1.8500   0.1141   0.4944   0.2511   0.2658   0.2658   0.0282   0.0000  -0.0775  -0.1443    0.542
   238   0.9500   5.7214   1.8500   1.8500   0.0701   0.3040   0.2632   0.1634   0.1634   0.0177   0.0000  -0.0485  -0.0896    0.547
   239   0.9500   5.7468   1.8500   1.8500   0.0236   0.1027   0.2708   0.0552   0.0552   0.0061   0.0000  -0.0166  -0.0304    0.550

  Surface # 6     upper_tip_pair (YDUP)                   
     # Chordwise = 12   # Spanwise = 17     First strip =240
     Surface area Ssurf =    2.775000     Ave. chord Cave =    1.850000

 Forces referred to Sref, Cref, Bref about Xref, Yref, Zref
 Standard axis orientation,  X fwd, Z down         
     CLsurf  =   0.04143     Clsurf  =   0.01767
     CYsurf  =  -0.00000     Cmsurf  =  -0.00691
     CDsurf  =   0.00359     Cnsurf  =   0.00001
     CDisurf =   0.00359     CDvsurf =   0.00000

 Forces referred to Ssurf, Cave 
     CLsurf  =   0.62709     CDsurf  =   0.05439

 Strip Forces referred to Strip Area, Chord
    j     Xle      Yle      Zle      Chord    Area     c_cl     ai     cl_norm    cl       cd       cdv    cm_c/4     cm_LE   C.P.x/c
   240   0.9500  -4.2532   1.8500   1.8500   0.0236   1.5338   0.1560   0.8267   0.8267   0.0629   0.0000  -0.1904   0.3977    0.480
   241   0.9500  -4.2786   1.8500   1.8500   0.0701   1.5276   0.1566   0.8234   0.8234   0.0629   0.0000  -0.1900   0.3965    0.481
   242   0.9500  -4.3286   1.8500   1.8500   0.1141   1.5150   0.1579   0.8165   0.8165   0.0629   0.0000  -0.1893   0.3940    0.482
   243   0.9500  -4.4015   1.8500   1.8500   0.1543   1.4955   0.1599   0.8060   0.8060   0.0628   0.0000  -0.1881   0.3902    0.483
   244   0.9500  -4.4947   1.8500   1.8500   0.1892   1.4686   0.1626   0.7914   0.7914   0.0627   0.0000  -0.1863   0.3848    0.485
   245   0.9500  -4.6052   1.8500   1.8500   0.2177   1.4332   0.1662   0.7722   0.7722   0.0624   0.0000  -0.1839   0.3776    0.488
   246   0.9500  -4.7291   1.8500   1.8500   0.2388   1.3883   0.1707   0.7479   0.7479   0.0619   0.0000  -0.1807   0.3683    0.492
   247   0.9500  -4.8622   1.8500   1.8500   0.2517   1.3323   0.1763   0.7176   0.7176   0.0611   0.0000  -0.1763   0.3564    0.496
   248   0.9500  -5.0000   1.8500   1.8500   0.2560   1.2636   0.1832   0.6804   0.6804   0.0597   0.0000  -0.1706   0.3413    0.501
   249   0.9500  -5.1378   1.8500   1.8500   0.2517   1.1803   0.1915   0.6354   0.6354   0.0576   0.0000  -0.1629   0.3224    0.506
   250   0.9500  -5.2709   1.8500   1.8500   0.2388   1.0806   0.2012   0.5816   0.5816   0.0546   0.0000  -0.1529   0.2989    0.513
   251   0.9500  -5.3948   1.8500   1.8500   0.2177   0.9628   0.2124   0.5180   0.5180   0.0503   0.0000  -0.1398   0.2699    0.520
   252   0.9500  -5.5053   1.8500   1.8500   0.1892   0.8257   0.2248   0.4441   0.4441   0.0446   0.0000  -0.1231   0.2347    0.527
   253   0.9500  -5.5985   1.8500   1.8500   0.1543   0.6692   0.2379   0.3598   0.3598   0.0372   0.0000  -0.1024   0.1929    0.535
   254   0.9500  -5.6714   1.8500   1.8500   0.1141   0.4944   0.2511   0.2658   0.2658   0.0282   0.0000  -0.0775   0.1443    0.542
   255   0.9500  -5.7214   1.8500   1.8500   0.0701   0.3040   0.2632   0.1634   0.1634   0.0177   0.0000  -0.0485   0.0896    0.547
   256   0.9500  -5.7468   1.8500   1.8500   0.0236   0.1027   0.2708   0.0552   0.0552   0.0061   0.0000  -0.0166   0.0304    0.550

  Surface # 7     tail_halves                             
     # Chordwise = 12   # Spanwise = 32     First strip =257
     Surface area Ssurf =    2.300000     Ave. chord Cave =    1.000000

 Forces referred to Sref, Cref, Bref about Xref, Yref, Zref
 Standard axis orientation,  X fwd, Z down         
     CLsurf  =  -0.02463     Clsurf  =   0.00366
     CYsurf  =  -0.00000     Cmsurf  =   0.05401
     CDsurf  =  -0.00209     Cnsurf  =   0.00001
     CDisurf =  -0.00209     CDvsurf =   0.00000

 Forces referred to Ssurf, Cave 
     CLsurf  =  -0.44969     CDsurf  =  -0.03817

 Strip Forces referred to Strip Area, Chord
    j     Xle      Yle      Zle      Chord    Area     c_cl     ai     cl_norm    cl       cd       cdv    cm_c/4     cm_LE   C.P.x/c
   257   5.4000   0.5514   0.7750   1.0000   0.0055  -0.0301  -0.0232  -0.0301  -0.0301  -0.0012   0.0000  -0.0027   0.0048    0.159
   258   5.4000   0.5624   0.7750   1.0000   0.0166  -0.0897  -0.0226  -0.0897  -0.0897  -0.0043   0.0000  -0.0079   0.0145    0.162
   259   5.4000   0.5845   0.7750   1.0000   0.0274  -0.1481  -0.0215  -0.1479  -0.1479  -0.0085   0.0000  -0.0124   0.0246    0.166
   260   5.4000   0.6172   0.7750   1.0000   0.0380  -0.2043  -0.0201  -0.2040  -0.2040  -0.0130   0.0000  -0.0160   0.0351    0.172
   261   5.4000   0.6604   0.7750   1.0000   0.0483  -0.2577  -0.0184  -0.2572  -0.2572  -0.0177   0.0000  -0.0185   0.0459    0.178
   262   5.4000   0.7136   0.7750   1.0000   0.0580  -0.3077  -0.0164  -0.3069  -0.3069  -0.0224   0.0000  -0.0201   0.0569    0.185
   263   5.4000   0.7763   0.7750   1.0000   0.0672  -0.3538  -0.0142  -0.3528  -0.3528  -0.0269   0.0000  -0.0208   0.0676    0.191
   264   5.4000   0.8479   0.7750   1.0000   0.0758  -0.3955  -0.0118  -0.3943  -0.3943  -0.0312   0.0000  -0.0209   0.0780    0.197
   265   5.4000   0.9277   0.7750   1.0000   0.0836  -0.4327  -0.0094  -0.4313  -0.4313  -0.0351   0.0000  -0.0205   0.0876    0.202
   266   5.4000   1.0149   0.7750   1.0000   0.0906  -0.4651  -0.0069  -0.4635  -0.4635  -0.0387   0.0000  -0.0199   0.0964    0.207
   267   5.4000   1.1088   0.7750   1.0000   0.0968  -0.4928  -0.0046  -0.4910  -0.4910  -0.0418   0.0000  -0.0191   0.1041    0.211
   268   5.4000   1.2083   0.7750   1.0000   0.1020  -0.5157  -0.0025  -0.5138  -0.5138  -0.0445   0.0000  -0.0183   0.1106    0.214
   269   5.4000   1.3126   0.7750   1.0000   0.1063  -0.5340  -0.0007  -0.5319  -0.5319  -0.0467   0.0000  -0.0176   0.1159    0.217
   270   5.4000   1.4206   0.7750   1.0000   0.1095  -0.5476   0.0007  -0.5455  -0.5455  -0.0484   0.0000  -0.0171   0.1198    0.219
   271   5.4000   1.5313   0.7750   1.0000   0.1116  -0.5568   0.0016  -0.5545  -0.5545  -0.0495   0.0000  -0.0167   0.1225    0.220
   272   5.4000   1.6436   0.7750   1.0000   0.1127  -0.5614   0.0021  -0.5592  -0.5592  -0.0502   0.0000  -0.0165   0.1238    0.220
   273   5.4000   1.7564   0.7750   1.0000   0.1127  -0.5617   0.0020  -0.5594  -0.5594  -0.0503   0.0000  -0.0166   0.1238    0.220
   274   5.4000   1.8687   0.7750   1.0000   0.1116  -0.5575   0.0013  -0.5553  -0.5553  -0.0498   0.0000  -0.0168   0.1225    0.220
   275   5.4000   1.9794   0.7750   1.0000   0.1095  -0.5488   0.0002  -0.5466  -0.5466  -0.0488   0.0000  -0.0173   0.1199    0.218
   276   5.4000   2.0874   0.7750   1.0000   0.1063  -0.5355  -0.0014  -0.5334  -0.5334  -0.0473   0.0000  -0.0180   0.1159    0.216
   277   5.4000   2.1917   0.7750   1.0000   0.1020  -0.5175  -0.0034  -0.5155  -0.5155  -0.0452   0.0000  -0.0188   0.1106    0.214
   278   5.4000   2.2912   0.7750   1.0000   0.0968  -0.4947  -0.0057  -0.4928  -0.4928  -0.0426   0.0000  -0.0197   0.1040    0.210
   279   5.4000   2.3851   0.7750   1.0000   0.0906  -0.4670  -0.0083  -0.4653  -0.4653  -0.0394   0.0000  -0.0205   0.0962    0.206
   280   5.4000   2.4723   0.7750   1.0000   0.0836  -0.4344  -0.0110  -0.4329  -0.4329  -0.0359   0.0000  -0.0212   0.0874    0.201
   281   5.4000   2.5521   0.7750   1.0000   0.0758  -0.3970  -0.0136  -0.3957  -0.3957  -0.0319   0.0000  -0.0216   0.0776    0.195
   282   5.4000   2.6237   0.7750   1.0000   0.0672  -0.3550  -0.0162  -0.3539  -0.3539  -0.0276   0.0000  -0.0216   0.0672    0.189
   283   5.4000   2.6864   0.7750   1.0000   0.0580  -0.3086  -0.0186  -0.3078  -0.3078  -0.0230   0.0000  -0.0208   0.0564    0.182
   284   5.4000   2.7396   0.7750   1.0000   0.0483  -0.2584  -0.0208  -0.2578  -0.2578  -0.0182   0.0000  -0.0192   0.0454    0.176
   285   5.4000   2.7828   0.7750   1.0000   0.0380  -0.2047  -0.0226  -0.2043  -0.2043  -0.0134   0.0000  -0.0165   0.0346    0.169
   286   5.4000   2.8155   0.7750   1.0000   0.0274  -0.1483  -0.0241  -0.1481  -0.1481  -0.0087   0.0000  -0.0129   0.0242    0.163
   287   5.4000   2.8376   0.7750   1.0000   0.0166  -0.0898  -0.0252  -0.0898  -0.0898  -0.0044   0.0000  -0.0082   0.0142    0.159
   288   5.4000   2.8486   0.7750   1.0000   0.0055  -0.0301  -0.0258  -0.0301  -0.0301  -0.0013   0.0000  -0.0028   0.0047    0.156

  Surface # 8     tail_halves (YDUP)                      
     # Chordwise = 12   # Spanwise = 32     First strip =289
     Surface area Ssurf =    2.300000     Ave. chord Cave =    1.000000

 Forces referred to Sref, Cref, Bref about Xref, Yref, Zref
 Standard axis orientation,  X fwd, Z down         
     CLsurf  =  -0.02463     Clsurf  =  -0.00366
     CYsurf  =   0.00000     Cmsurf  =   0.05401
     CDsurf  =  -0.00209     Cnsurf  =  -0.00001
     CDisurf =  -0.00209     CDvsurf =   0.00000

 Forces referred to Ssurf, Cave 
     CLsurf  =  -0.44969     CDsurf  =  -0.03817

 Strip Forces referred to Strip Area, Chord
    j     Xle      Yle      Zle      Chord    Area     c_cl     ai     cl_norm    cl       cd       cdv    cm_c/4     cm_LE   C.P.x/c
   289   5.4000  -0.5514   0.7750   1.0000   0.0055  -0.0301  -0.0232  -0.0301  -0.0301  -0.0012   0.0000  -0.0027  -0.0048    0.159
   290   5.4000  -0.5624   0.7750   1.0000   0.0166  -0.0897  -0.0226  -0.0897  -0.0897  -0.0043   0.0000  -0.0079  -0.0145    0.162
   291   5.4000  -0.5845   0.7750   1.0000   0.0274  -0.1481  -0.0215  -0.1479  -0.1479  -0.0085   0.0000  -0.0124  -0.0246    0.166
   292   5.4000  -0.6172   0.7750   1.0000   0.0380  -0.2043  -0.0201  -0.2040  -0.2040  -0.0130   0.0000  -0.0160  -0.0351    0.172
   293   5.4000  -0.6604   0.7750   1.0000   0.0483  -0.2577  -0.0184  -0.2572  -0.2572  -0.0177   0.0000  -0.0185  -0.0459    0.178
   294   5.4000  -0.7136   0.7750   1.0000   0.0580  -0.3077  -0.0164  -0.3069  -0.3069  -0.0224   0.0000  -0.0201  -0.0569    0.185
   295   5.4000  -0.7763   0.7750   1.0000   0.0672  -0.3538  -0.0142  -0.3528  -0.3528  -0.0269   0.0000  -0.0208  -0.0676    0.191
   296   5.4000  -0.8479   0.7750   1.0000   0.0758  -0.3955  -0.0118  -0.3943  -0.3943  -0.0312   0.0000  -0.0209  -0.0780    0.197
   297   5.4000  -0.9277   0.7750   1.0000   0.0836  -0.4327  -0.0094  -0.4313  -0.4313  -0.0351   0.0000  -0.0205  -0.0876    0.202
   298   5.4000  -1.0149   0.7750   1.0000   0.0906  -0.4651  -0.0069  -0.4635  -0.4635  -0.0387   0.0000  -0.0199  -0.0964    0.207
   299   5.4000  -1.1088   0.7750   1.0000   0.0968  -0.4928  -0.0046  -0.4910  -0.4910  -0.0418   0.0000  -0.0191  -0.1041    0.211
   300   5.4000  -1.2083   0.7750   1.0000   0.1020  -0.5157  -0.0025  -0.5138  -0.5138  -0.0445   0.0000  -0.0183  -0.1106    0.214
   301   5.4000  -1.3126   0.7750   1.0000   0.1063  -0.5340  -0.0007  -0.5319  -0.5319  -0.0467   0.0000  -0.0176  -0.1159    0.217
   302   5.4000  -1.4206   0.7750   1.0000   0.1095  -0.5476   0.0007  -0.5455  -0.5455  -0.0484   0.0000  -0.0171  -0.1198    0.219
   303   5.4000  -1.5313   0.7750   1.0000   0.1116  -0.5568   0.0016  -0.5545  -0.5545  -0.0495   0.0000  -0.0167  -0.1225    0.220
   304   5.4000  -1.6436   0.7750   1.0000   0.1127  -0.5614   0.0021  -0.5592  -0.5592  -0.0502   0.0000  -0.0165  -0.1238    0.220
   305   5.4000  -1.7564   0.7750   1.0000   0.1127  -0.5617   0.0020  -0.5594  -0.5594  -0.0503   0.0000  -0.0166  -0.1238    0.220
   306   5.4000  -1.8687   0.7750   1.0000   0.1116  -0.5575   0.0013  -0.5553  -0.5553  -0.0498   0.0000  -0.0168  -0.1225    0.220
   307   5.4000  -1.9794   0.7750   1.0000   0.1095  -0.5488   0.0002  -0.5466  -0.5466  -0.0488   0.0000  -0.0173  -0.1199    0.218
   308   5.4000  -2.0874   0.7750   1.0000   0.1063  -0.5355  -0.0014  -0.5334  -0.5334  -0.0473   0.0000  -0.0180  -0.1159    0.216
   309   5.4000  -2.1917   0.7750   1.0000   0.1020  -0.5175  -0.0034  -0.5155  -0.5155  -0.0452   0.0000  -0.0188  -0.1106    0.214
   310   5.4000  -2.2912   0.7750   1.0000   0.0968  -0.4947  -0.0057  -0.4928  -0.4928  -0.0426   0.0000  -0.0197  -0.1040    0.210
   311   5.4000  -2.3851   0.7750   1.0000   0.0906  -0.4670  -0.0083  -0.4653  -0.4653  -0.0394   0.0000  -0.0205  -0.0962    0.206
   312   5.4000  -2.4723   0.7750   1.0000   0.0836  -0.4344  -0.0110  -0.4329  -0.4329  -0.0359   0.0000  -0.0212  -0.0874    0.201
   313   5.4000  -2.5521   0.7750   1.0000   0.0758  -0.3970  -0.0136  -0.3957  -0.3957  -0.0319   0.0000  -0.0216  -0.0776    0.195
   314   5.4000  -2.6237   0.7750   1.0000   0.0672  -0.3550  -0.0162  -0.3539  -0.3539  -0.0276   0.0000  -0.0216  -0.0672    0.189
   315   5.4000  -2.6864   0.7750   1.0000   0.0580  -0.3086  -0.0186  -0.3078  -0.3078  -0.0230   0.0000  -0.0208  -0.0564    0.182
   316   5.4000  -2.7396   0.7750   1.0000   0.0483  -0.2584  -0.0208  -0.2578  -0.2578  -0.0182   0.0000  -0.0192  -0.0454    0.176
   317   5.4000  -2.7828   0.7750   1.0000   0.0380  -0.2047  -0.0226  -0.2043  -0.2043  -0.0134   0.0000  -0.0165  -0.0346    0.169
   318   5.4000  -2.8155   0.7750   1.0000   0.0274  -0.1483  -0.0241  -0.1481  -0.1481  -0.0087   0.0000  -0.0129  -0.0242    0.163
   319   5.4000  -2.8376   0.7750   1.0000   0.0166  -0.0898  -0.0252  -0.0898  -0.0898  -0.0044   0.0000  -0.0082  -0.0142    0.159
   320   5.4000  -2.8486   0.7750   1.0000   0.0055  -0.0301  -0.0258  -0.0301  -0.0301  -0.0013   0.0000  -0.0028  -0.0047    0.156

  Surface # 9     fin_fixed                               
     # Chordwise = 12   # Spanwise = 24     First strip =321
     Surface area Ssurf =    0.720000     Ave. chord Cave =    1.200000

 Forces referred to Sref, Cref, Bref about Xref, Yref, Zref
 Standard axis orientation,  X fwd, Z down         
     CLsurf  =   0.00000     Clsurf  =   0.00000
     CYsurf  =   0.00000     Cmsurf  =  -0.00000
     CDsurf  =  -0.00000     Cnsurf  =  -0.00000
     CDisurf =  -0.00000     CDvsurf =   0.00000

 Forces referred to Ssurf, Cave 
     CLsurf  =   0.00000     CDsurf  =  -0.00000

 Strip Forces referred to Strip Area, Chord
    j     Xle      Yle      Zle      Chord    Area     c_cl     ai     cl_norm    cl       cd       cdv    cm_c/4     cm_LE   C.P.x/c
   321   5.4000   0.0000   1.7994   1.2000   0.0031  -0.0000   0.0000  -0.0000  -0.0000   0.0000   0.0000   0.0000   0.0000    1.261
   322   5.4000   0.0000   1.7942   1.2000   0.0092  -0.0000   0.0000  -0.0000  -0.0000   0.0000   0.0000   0.0000   0.0000    0.738
   323   5.4000   0.0000   1.7841   1.2000   0.0151  -0.0000   0.0000  -0.0000  -0.0000  -0.0000   0.0000   0.0000   0.0000    0.487
   324   5.4000   0.0000   1.7691   1.2000   0.0208  -0.0000   0.0000  -0.0000  -0.0000   0.0000   0.0000  -0.0000   0.0000    0.132
   325   5.4000   0.0000   1.7494   1.2000   0.0262  -0.0000  -0.0000  -0.0000  -0.0000  -0.0000   0.0000  -0.0000  -0.0000   -0.886
   326   5.4000   0.0000   1.7256   1.2000   0.0310  -0.0000  -0.0000  -0.0000  -0.0000  -0.0000   0.0000  -0.0000  -0.0000   -0.449
   327   5.4000   0.0000   1.6978   1.2000   0.0354  -0.0000  -0.0000  -0.0000  -0.0000   0.0000   0.0000  -0.0000  -0.0000  999.000
   328   5.4000   0.0000   1.6667   1.2000   0.0392  -0.0000  -0.0000  -0.0000  -0.0000  -0.0000   0.0000  -0.0000  -0.0000  999.000
   329   5.4000   0.0000   1.6327   1.2000   0.0422  -0.0000   0.0000  -0.0000  -0.0000  -0.0000   0.0000  -0.0000  -0.0000  999.000
   330   5.4000   0.0000   1.5964   1.2000   0.0446   0.0000   0.0000   0.0000   0.0000   0.0000   0.0000  -0.0000  -0.0000    1.380
   331   5.4000   0.0000   1.5585   1.2000   0.0462   0.0000  -0.0000   0.0000   0.0000   0.0000   0.0000  -0.0000  -0.0000    0.564
   332   5.4000   0.0000   1.5196   1.2000   0.0470   0.0000   0.0000   0.0000   0.0000  -0.0000   0.0000  -0.0000  -0.0000    0.278
   333   5.4000   0.0000   1.4804   1.2000   0.0470   0.0000   0.0000   0.0000   0.0000  -0.0000   0.0000   0.0000  -0.0000    0.167
   334   5.4000   0.0000   1.4415   1.2000   0.0462   0.0000  -0.0000   0.0000   0.0000  -0.0000   0.0000   0.0000  -0.0000    0.154
   335   5.4000   0.0000   1.4036   1.2000   0.0446   0.0000  -0.0000   0.0000   0.0000  -0.0000   0.0000   0.0000  -0.0000    0.185
   336   5.4000   0.0000   1.3673   1.2000   0.0422   0.0000  -0.0000   0.0000   0.0000   0.0000   0.0000   0.0000  -0.0000    0.240
   337   5.4000   0.0000   1.3333   1.2000   0.0392   0.0000   0.0000   0.0000   0.0000   0.0000   0.0000  -0.0000  -0.0000    0.274
   338   5.4000   0.0000   1.3022   1.2000   0.0354   0.0000  -0.0000   0.0000   0.0000   0.0000   0.0000  -0.0000  -0.0000    0.374
   339   5.4000   0.0000   1.2744   1.2000   0.0310   0.0000  -0.0000   0.0000   0.0000  -0.0000   0.0000  -0.0000  -0.0000    0.420
   340   5.4000   0.0000   1.2506   1.2000   0.0262   0.0000  -0.0000   0.0000   0.0000   0.0000   0.0000  -0.0000  -0.0000    0.545
   341   5.4000   0.0000   1.2309   1.2000   0.0208   0.0000  -0.0000   0.0000   0.0000  -0.0000   0.0000  -0.0000  -0.0000    0.557
   342   5.4000   0.0000   1.2159   1.2000   0.0151   0.0000  -0.0000   0.0000   0.0000  -0.0000   0.0000  -0.0000  -0.0000    0.602
   343   5.4000   0.0000   1.2058   1.2000   0.0092   0.0000   0.0000   0.0000   0.0000   0.0000   0.0000  -0.0000  -0.0000    0.597
   344   5.4000   0.0000   1.2006   1.2000   0.0031   0.0000   0.0000   0.0000   0.0000  -0.0000   0.0000  -0.0000  -0.0000    0.622

  Surface #10     rudder_upper                            
     # Chordwise = 12   # Spanwise = 24     First strip =345
     Surface area Ssurf =    0.540000     Ave. chord Cave =    0.900000

 Forces referred to Sref, Cref, Bref about Xref, Yref, Zref
 Standard axis orientation,  X fwd, Z down         
     CLsurf  =   0.00000     Clsurf  =   0.00000
     CYsurf  =   0.00000     Cmsurf  =  -0.00000
     CDsurf  =  -0.00000     Cnsurf  =  -0.00000
     CDisurf =  -0.00000     CDvsurf =   0.00000

 Forces referred to Ssurf, Cave 
     CLsurf  =   0.00000     CDsurf  =  -0.00000

 Strip Forces referred to Strip Area, Chord
    j     Xle      Yle      Zle      Chord    Area     c_cl     ai     cl_norm    cl       cd       cdv    cm_c/4     cm_LE   C.P.x/c
   345   6.6000   0.0000   1.7994   0.9000   0.0023   0.0000   0.0000   0.0000   0.0000  -0.0000   0.0000  -0.0000  -0.0000    0.491
   346   6.6000   0.0000   1.7942   0.9000   0.0069   0.0000   0.0000   0.0000   0.0000   0.0000   0.0000  -0.0000  -0.0000    0.431
   347   6.6000   0.0000   1.7841   0.9000   0.0114   0.0000   0.0000   0.0000   0.0000  -0.0000   0.0000   0.0000  -0.0000    0.132
   348   6.6000   0.0000   1.7691   0.9000   0.0156   0.0000   0.0000   0.0000   0.0000  -0.0000   0.0000   0.0000   0.0000   -0.314
   349   6.6000   0.0000   1.7494   0.9000   0.0196  -0.0000  -0.0000  -0.0000  -0.0000  -0.0000   0.0000   0.0000   0.0000    1.181
   350   6.6000   0.0000   1.7256   0.9000   0.0233  -0.0000  -0.0000  -0.0000  -0.0000   0.0000   0.0000   0.0000   0.0000  999.000
   351   6.6000   0.0000   1.6978   0.9000   0.0266  -0.0000  -0.0000  -0.0000  -0.0000   0.0000   0.0000   0.0000   0.0000    1.028
   352   6.6000   0.0000   1.6667   0.9000   0.0294   0.0000  -0.0000   0.0000   0.0000   0.0000   0.0000  -0.0000  -0.0000    0.649
   353   6.6000   0.0000   1.6327   0.9000   0.0317   0.0000   0.0000   0.0000   0.0000   0.0000   0.0000  -0.0000  -0.0000    0.527
   354   6.6000   0.0000   1.5964   0.9000   0.0334   0.0000   0.0000   0.0000   0.0000   0.0000   0.0000  -0.0000  -0.0000  999.000
   355   6.6000   0.0000   1.5585   0.9000   0.0346   0.0000  -0.0000   0.0000   0.0000  -0.0000   0.0000  -0.0000  -0.0000    0.442
   356   6.6000   0.0000   1.5196   0.9000   0.0352   0.0000   0.0000   0.0000   0.0000   0.0000   0.0000  -0.0000  -0.0000    0.364
   357   6.6000   0.0000   1.4804   0.9000   0.0352   0.0000   0.0000   0.0000   0.0000  -0.0000   0.0000  -0.0000  -0.0000    0.286
   358   6.6000   0.0000   1.4415   0.9000   0.0346  -0.0000  -0.0000  -0.0000  -0.0000  -0.0000   0.0000   0.0000   0.0000  999.000
   359   6.6000   0.0000   1.4036   0.9000   0.0334  -0.0000  -0.0000  -0.0000  -0.0000   0.0000   0.0000   0.0000   0.0000  999.000
   360   6.6000   0.0000   1.3673   0.9000   0.0317   0.0000  -0.0000   0.0000   0.0000  -0.0000   0.0000   0.0000   0.0000  999.000
   361   6.6000   0.0000   1.3333   0.9000   0.0294   0.0000   0.0000   0.0000   0.0000   0.0000   0.0000   0.0000   0.0000   -0.828
   362   6.6000   0.0000   1.3022   0.9000   0.0266   0.0000  -0.0000   0.0000   0.0000  -0.0000   0.0000   0.0000   0.0000  999.000
   363   6.6000   0.0000   1.2744   0.9000   0.0233   0.0000  -0.0000   0.0000   0.0000   0.0000   0.0000   0.0000   0.0000  999.000
   364   6.6000   0.0000   1.2506   0.9000   0.0196   0.0000  -0.0000   0.0000   0.0000   0.0000   0.0000   0.0000   0.0000  999.000
   365   6.6000   0.0000   1.2309   0.9000   0.0156   0.0000  -0.0000   0.0000   0.0000  -0.0000   0.0000   0.0000   0.0000  999.000
   366   6.6000   0.0000   1.2159   0.9000   0.0114   0.0000  -0.0000   0.0000   0.0000  -0.0000   0.0000   0.0000   0.0000   -0.498
   367   6.6000   0.0000   1.2058   0.9000   0.0069   0.0000   0.0000   0.0000   0.0000   0.0000   0.0000   0.0000   0.0000   -0.228
   368   6.6000   0.0000   1.2006   0.9000   0.0023   0.0000   0.0000   0.0000   0.0000  -0.0000   0.0000   0.0000   0.0000   -0.137

  Surface #11     rudder_lower                            
     # Chordwise = 12   # Spanwise = 16     First strip =369
     Surface area Ssurf =    0.360000     Ave. chord Cave =    0.900000

 Forces referred to Sref, Cref, Bref about Xref, Yref, Zref
 Standard axis orientation,  X fwd, Z down         
     CLsurf  =   0.00000     Clsurf  =   0.00000
     CYsurf  =   0.00000     Cmsurf  =  -0.00000
     CDsurf  =  -0.00000     Cnsurf  =  -0.00000
     CDisurf =  -0.00000     CDvsurf =   0.00000

 Forces referred to Ssurf, Cave 
     CLsurf  =   0.00000     CDsurf  =  -0.00000

 Strip Forces referred to Strip Area, Chord
    j     Xle      Yle      Zle      Chord    Area     c_cl     ai     cl_norm    cl       cd       cdv    cm_c/4     cm_LE   C.P.x/c
   369   6.6000   0.0000   1.1990   0.9000   0.0035   0.0000   0.0000   0.0000   0.0000  -0.0000   0.0000   0.0000   0.0000   -0.106
   370   6.6000   0.0000   1.1914   0.9000   0.0102   0.0000   0.0000   0.0000   0.0000  -0.0000   0.0000   0.0000   0.0000   -0.086
   371   6.6000   0.0000   1.1764   0.9000   0.0166   0.0000  -0.0000   0.0000   0.0000  -0.0000   0.0000   0.0000   0.0000   -0.067
   372   6.6000   0.0000   1.1546   0.9000   0.0224   0.0000   0.0000   0.0000   0.0000   0.0000   0.0000   0.0000  -0.0000    0.025
   373   6.6000   0.0000   1.1269   0.9000   0.0273   0.0000  -0.0000   0.0000   0.0000   0.0000   0.0000   0.0000  -0.0000    0.033
   374   6.6000   0.0000   1.0943   0.9000   0.0311   0.0000   0.0000   0.0000   0.0000  -0.0000   0.0000   0.0000  -0.0000    0.076
   375   6.6000   0.0000   1.0581   0.9000   0.0338   0.0000  -0.0000   0.0000   0.0000  -0.0000   0.0000   0.0000  -0.0000    0.064
   376   6.6000   0.0000   1.0196   0.9000   0.0351   0.0000   0.0000   0.0000   0.0000   0.0000   0.0000   0.0000   0.0000   -0.046
   377   6.6000   0.0000   0.9804   0.9000   0.0351   0.0000  -0.0000   0.0000   0.0000  -0.0000   0.0000   0.0000   0.0000   -0.105
   378   6.6000   0.0000   0.9419   0.9000   0.0338   0.0000  -0.0000   0.0000   0.0000   0.0000   0.0000   0.0000   0.0000   -0.252
   379   6.6000   0.0000   0.9057   0.9000   0.0311   0.0000  -0.0000   0.0000   0.0000   0.0000   0.0000   0.0000   0.0000   -0.139
   380   6.6000   0.0000   0.8731   0.9000   0.0273   0.0000  -0.0000   0.0000   0.0000  -0.0000   0.0000   0.0000   0.0000   -0.326
   381   6.6000   0.0000   0.8454   0.9000   0.0224   0.0000   0.0000   0.0000   0.0000   0.0000   0.0000   0.0000  -0.0000    0.109
   382   6.6000   0.0000   0.8236   0.9000   0.0166   0.0000  -0.0000   0.0000   0.0000  -0.0000   0.0000   0.0000   0.0000   -0.189
   383   6.6000   0.0000   0.8086   0.9000   0.0102   0.0000  -0.0000   0.0000   0.0000  -0.0000   0.0000   0.0000   0.0000   -0.642
   384   6.6000   0.0000   0.8010   0.9000   0.0035   0.0000   0.0000   0.0000   0.0000   0.0000   0.0000   0.0000   0.0000   -0.134
 ---------------------------------------------------------------
